# 0 0 target:0 c+:722 c-:509 score:7.436150184266195 score+:0.03168187115198105 score-:43.161352939895906 nb:8 =l_0c_0 l_0c_4 l_0c_8 l_0c_10 l_0c_12 l_0c_13 l_0c_16 l_0c_18 
0 0
1 1
2 2
3 3
4 4
5 5
6 6
7 7
8 8
9 9
10 10
11 11
12 12
13 13
14 14
15 15
16 16
17 17
18 18
19 19
20 20
21 21
22 22
23 23
24 24
25 25
26 26
27 27
28 28
29 29
30 30
31 31
32 32
33 33
34 34
35 35
36 36
37 37
38 38
39 39
40 40
41 41
42 42
43 43
44 44
45 45
46 46
47 47
48 48
49 49
50 50
51 51
52 52
53 53
54 54
55 55
56 56
57 57
58 58
59 59
60 60
61 61
62 62
63 63
64 64
65 65
66 66
67 67
68 68
69 69
70 70
71 71
72 72
73 73
74 74
75 75
76 76
77 77
78 78
79 79
80 80
81 81
82 82
83 83
84 84
85 85
86 86
87 87
88 88
89 89
90 90
91 91
92 92
93 93
94 94
95 95
96 96
97 97
98 98
99 99
100 100
101 101
102 102
103 103
104 104
105 105
106 106
107 107
108 108
109 109
110 110
111 111
112 112
113 113
114 114
115 115
116 116
117 117
118 118
119 119
120 120
121 121
122 122
123 123
124 124
125 125
126 126
127 127
128 128
129 129
130 130
131 131
132 132
133 133
134 134
135 135
136 136
137 137
138 138
139 139
140 140
141 141
142 142
143 143
144 144
145 145
146 146
147 147
148 148
149 149
150 150
151 151
152 152
153 153
154 154
155 155
156 156
157 157
158 158
159 159
160 160
161 161
162 162
163 163
164 164
165 165
166 166
167 167
168 168
169 169
170 170
171 171
172 172
173 173
174 174
175 175
176 176
177 177
178 178
179 179
180 180
181 181
182 182
183 183
184 184
185 185
186 186
187 187
188 188
189 189
190 190
191 191
192 192
193 193
194 194
195 195
196 196
197 197
198 198
199 199
200 200
201 201
202 202
203 203
204 204
205 205
206 206
207 207
208 208
209 209
210 210
211 211
212 212
213 213
214 214
215 215
216 216
217 217
218 218
219 219
220 220
221 221
222 222
223 223
224 224
225 225
226 226
227 227
228 228
229 229
230 230
231 231
232 232
233 233
234 234
235 235
236 236
237 237
238 238
239 239
240 240
241 241
242 242
243 243
244 244
245 245
246 246
247 247
248 248
249 249
250 250
251 251
252 252
253 253
254 254
255 255
256 256
257 257
258 258
259 259
260 260
261 261
262 262
263 263
264 264
267 267
268 268
269 269
270 270
271 271
272 272
273 273
274 274
275 275
276 276
278 278
279 279
280 280
281 281
282 282
283 283
284 284
285 285
286 286
287 287
288 288
291 291
292 292
294 294
295 295
296 296
297 297
298 298
299 299
300 300
303 303
304 304
305 305
306 306
307 307
308 308
309 309
310 310
311 311
312 312
315 315
316 316
317 317
318 318
319 319
320 320
321 321
322 322
323 323
324 324
327 327
328 328
329 329
330 330
331 331
332 332
333 333
334 334
335 335
336 336
339 339
340 340
341 341
342 342
343 343
344 344
345 345
346 346
347 347
348 348
351 351
352 352
353 353
354 354
355 355
356 356
357 357
358 358
359 359
360 360
363 363
364 364
365 365
366 366
367 367
368 368
369 369
370 370
371 371
372 372
375 375
376 376
377 377
378 378
379 379
380 380
381 381
382 382
383 383
384 384
387 387
388 388
389 389
390 390
391 391
392 392
393 393
394 394
395 395
396 396
399 399
400 400
401 401
402 402
403 403
404 404
405 405
406 406
407 407
408 408
411 411
412 412
413 413
414 414
415 415
416 416
418 418
419 419
420 420
423 423
424 424
425 425
426 426
427 427
428 428
429 429
430 430
431 431
432 432
435 435
436 436
437 437
438 438
439 439
440 440
441 441
442 442
443 443
444 444
447 447
448 448
449 449
450 450
451 451
452 452
453 453
454 454
455 455
456 456
459 459
460 460
461 461
462 462
463 463
464 464
465 465
466 466
467 467
468 468
471 471
472 472
473 473
474 474
475 475
476 476
477 477
478 478
479 479
480 480
483 483
484 484
485 485
486 486
487 487
488 488
489 489
490 490
491 491
492 492
495 495
496 496
497 497
498 498
499 499
500 500
501 501
502 502
503 503
504 504
507 507
508 508
509 509
510 510
511 511
512 512
513 513
514 514
515 515
516 516
517 517
518 518
519 519
520 520
521 521
522 522
523 523
524 524
525 525
526 526
527 527
528 528
529 529
530 530
531 531
532 532
533 533
534 534
535 535
536 536
537 537
538 538
539 539
540 540
541 541
542 542
543 543
544 544
545 545
546 546
547 547
548 548
549 549
550 550
551 551
552 552
553 553
554 554
555 555
556 556
557 557
558 558
559 559
560 560
561 561
562 562
563 563
564 564
565 565
566 566
567 567
568 568
569 569
570 570
571 571
572 572
573 573
574 574
575 575
576 576
577 577
578 578
579 579
580 580
581 581
582 582
583 583
584 584
585 585
586 586
587 587
588 588
589 589
590 590
591 591
592 592
593 593
594 594
595 595
596 596
597 597
598 598
599 599
600 600
601 601
602 602
603 603
604 604
605 605
606 606
607 607
608 608
609 609
610 610
611 611
612 612
613 613
614 614
615 615
616 616
617 617
618 618
619 619
620 620
621 621
622 622
623 623
624 624
625 625
626 626
627 627
628 628
629 629
630 630
631 631
632 632
633 633
634 634
635 635
636 636
637 637
638 638
639 639
640 640
641 641
642 642
643 643
644 644
645 645
646 646
647 647
648 648
649 649
650 650
651 651
652 652
653 653
654 654
655 655
656 656
657 657
658 658
659 659
660 660
661 661
662 662
663 663
664 664
665 665
666 666
667 667
668 668
669 669
670 670
671 671
672 672
673 673
674 674
675 675
676 676
677 677
678 678
679 679
680 680
681 681
682 682
683 683
684 684
685 685
686 686
687 687
688 688
689 689
690 690
691 691
692 692
693 693
694 694
695 695
696 696
697 697
698 698
699 699
700 700
701 701
702 702
703 703
704 704
705 705
706 706
707 707
708 708
709 709
710 710
711 711
712 712
713 713
714 714
715 715
716 716
717 717
718 718
719 719
720 720
721 721
722 722
723 723
724 724
725 725
726 726
727 727
728 728
729 729
730 730
731 731
732 732
733 733
734 734
735 735
736 736
737 737
738 738
739 739
740 740
741 741
742 742
743 743
744 744
745 745
746 746
747 747
748 748
749 749
750 750
751 751
752 752
753 753
754 754
755 755
756 756
757 757
758 758
759 759
760 760
761 761
762 762
763 763
764 764
765 765
766 766
767 767
768 768
769 769
770 770
771 771
772 772
773 773
774 774
775 775
776 776
777 777
778 778
779 779
780 780
781 781
782 782
783 783
784 784
785 785
786 786
787 787
788 788
789 789
790 790
791 791
792 792
793 793
794 794
795 795
796 796
797 797
798 798
799 799
800 800
801 801
802 802
803 803
804 804
805 805
806 806
807 807
808 808
809 809
810 810
811 811
812 812
813 813
814 814
815 815
816 816
817 817
818 818
819 819
820 820
821 821
822 822
823 823
824 824
825 825
826 826
827 827
828 828
829 829
830 830
831 831
832 832
833 833
834 834
835 835
836 836
837 837
838 838
839 839
840 840
841 841
842 842
843 843
844 844
845 845
846 846
847 847
848 848
849 849
850 850
851 851
852 852
853 853
854 854
855 855
856 856
857 857
858 858
859 859
860 860
861 861
862 862
863 863
864 864
865 865
866 866
867 867
868 868
869 869
870 870
871 871
872 872
873 873
874 874
875 875
876 876
877 877
878 878
879 879
880 880
881 881
882 882
883 883
884 884
885 885
886 886
887 887
888 888
889 889
890 890
891 891
892 892
893 893
894 894
895 895
896 896
897 897
898 898
899 899
900 900
901 901
902 902
903 903
904 904
905 905
906 906
907 907
908 908
909 909
910 910
911 911
912 912
913 913
914 914
915 915
916 916
917 917
918 918
919 919
920 920
921 921
922 922
923 923
924 924
925 925
926 926
927 927
928 928
929 929
930 930
931 931
932 932
933 933
934 934
935 935
936 936
937 937
938 938
939 939
940 940
941 941
942 942
943 943
944 944
945 945
946 946
947 947
948 948
949 949
950 950
951 951
952 952
953 953
954 954
955 955
956 956
957 957
958 958
959 959
960 960
961 961
962 962
963 963
964 964
965 965
966 966
967 967
968 968
969 969
970 970
971 971
972 972
973 973
974 974
975 975
976 976
977 977
978 978
979 979
980 980
981 981
982 982
983 983
984 984
985 985
986 986
987 987
988 988
989 989
990 990
991 991
992 992
993 993
994 994
995 995
996 996
997 997
998 998
999 999
1000 1000
1001 1001
1002 1002
1003 1003
1004 1004
1005 1005
1006 1006
1007 1007
1008 1008
1009 1009
1010 1010
1011 1011
1012 1012
1013 1013
1014 1014
1015 1015
1016 1016
1017 1017
1018 1018
1019 1019
1020 1020
1021 1021
1022 1022
1023 1023
1024 1024
1025 1025
1026 1026
1027 1027
1028 1028
1029 1029
1030 1030
1031 1031
1032 1032
1033 1033
1034 1034
1035 1035
1036 1036
1037 1037
1038 1038
1039 1039
1040 1040
1041 1041
1042 1042
1043 1043
1044 1044
1045 1045
1046 1046
1047 1047
1048 1048
1049 1049
1050 1050
1051 1051
1052 1052
1053 1053
1054 1054
1055 1055
1056 1056
1057 1057
1058 1058
1059 1059
1060 1060
1061 1061
1062 1062
1063 1063
1064 1064
1065 1065
1066 1066
1067 1067
1068 1068
1069 1069
1070 1070
1071 1071
1072 1072
1073 1073
1074 1074
1075 1075
1076 1076
1077 1077
1078 1078
1079 1079
1080 1080
1081 1081
1082 1082
1083 1083
1084 1084
1085 1085
1086 1086
1087 1087
1088 1088
1089 1089
1090 1090
1091 1091
1092 1092
1093 1093
1094 1094
1095 1095
1096 1096
1097 1097
1098 1098
1099 1099
1100 1100
1101 1101
1102 1102
1103 1103
1104 1104
1105 1105
1106 1106
1107 1107
1108 1108
1109 1109
1110 1110
1111 1111
1112 1112
1113 1113
1114 1114
1115 1115
1116 1116
1117 1117
1118 1118
1119 1119
1120 1120
1121 1121
1122 1122
1123 1123
1124 1124
1126 1126
1127 1127
1128 1128
1129 1129
1130 1130
1131 1131
1132 1132
1133 1133
1134 1134
1135 1135
1136 1136
1137 1137
1138 1138
1139 1139
1140 1140
1141 1141
1142 1142
1143 1143
1144 1144
1145 1145
1146 1146
1147 1147
1148 1148
1149 1149
1150 1150
1151 1151
1152 1152
1153 1153
1154 1154
1155 1155
1156 1156
1157 1157
1158 1158
1159 1159
1160 1160
1161 1161
1162 1162
1163 1163
1164 1164
1165 1165
1166 1166
1167 1167
1168 1168
1169 1169
1170 1170
1171 1171
1172 1172
1173 1173
1174 1174
1175 1175
1176 1176
1177 1177
1178 1178
1179 1179
1180 1180
1181 1181
1182 1182
1183 1183
1184 1184
1185 1185
1186 1186
1187 1187
1188 1188
1189 1189
1190 1190
1191 1191
1192 1192
1193 1193
1194 1194
1195 1195
1196 1196
1197 1197
1198 1198
1199 1199
1200 1200
1201 1201
1202 1202
1203 1203
1204 1204
1205 1205
1206 1206
1207 1207
1208 1208
1209 1209
1210 1210
1211 1211
1212 1212
1213 1213
1214 1214
1215 1215
1216 1216
1217 1217
1218 1218
1219 1219
1220 1220
1221 1221
1222 1222
1223 1223
1224 1224
1225 1225
1226 1226
1227 1227
1228 1228
1229 1229
1230 1230
265 265
266 266
277 277
289 289
290 290
293 293
301 301
302 302
313 313
314 314
325 325
326 326
337 337
338 338
349 349
350 350
361 361
362 362
373 373
374 374
385 385
386 386
397 397
398 398
409 409
410 410
417 417
421 421
422 422
433 433
434 434
445 445
446 446
457 457
458 458
469 469
470 470
481 481
482 482
493 493
494 494
505 505
506 506
1125 1125
# 1 0 target:1 c+:722 c-:465 score:0.5867344548356268 score+:43.439685456190624 score-:39.68458494524261 nb:9 =l_0c_0 l_0c_4 l_0c_8 l_0c_10 l_0c_12 l_0c_13 l_0c_16 l_0c_18 l_0c_2 
0 0
1 1
2 2
3 3
4 4
5 5
6 6
7 7
8 8
9 9
10 10
11 11
12 12
13 13
14 14
15 15
16 16
17 17
18 18
19 19
20 20
21 21
22 22
23 23
24 24
25 25
26 26
27 27
28 28
29 29
30 30
31 31
32 32
33 33
34 34
35 35
36 36
37 37
38 38
39 39
40 40
41 41
42 42
43 43
44 44
45 45
46 46
47 47
48 48
49 49
50 50
51 51
52 52
53 53
54 54
55 55
56 56
57 57
58 58
59 59
60 60
61 61
62 62
63 63
64 64
65 65
66 66
67 67
68 68
69 69
70 70
71 71
72 72
73 73
74 74
75 75
76 76
77 77
78 78
79 79
80 80
81 81
82 82
83 83
84 84
85 85
86 86
87 87
88 88
89 89
90 90
91 91
92 92
93 93
94 94
95 95
96 96
97 97
98 98
99 99
100 100
101 101
102 102
103 103
104 104
105 105
106 106
107 107
108 108
109 109
110 110
111 111
112 112
113 113
114 114
115 115
116 116
117 117
118 118
119 119
120 120
121 121
122 122
123 123
124 124
125 125
126 126
127 127
128 128
129 129
130 130
131 131
132 132
133 133
134 134
135 135
136 136
137 137
138 138
139 139
140 140
141 141
142 142
143 143
144 144
145 145
146 146
147 147
148 148
149 149
150 150
151 151
152 152
153 153
154 154
155 155
156 156
157 157
158 158
159 159
160 160
161 161
162 162
163 163
164 164
165 165
166 166
167 167
168 168
169 169
170 170
171 171
172 172
173 173
174 174
175 175
176 176
177 177
178 178
179 179
180 180
181 181
182 182
183 183
184 184
185 185
186 186
187 187
188 188
189 189
190 190
191 191
192 192
193 193
194 194
195 195
196 196
197 197
198 198
199 199
200 200
201 201
202 202
203 203
204 204
205 205
206 206
207 207
208 208
209 209
210 210
211 211
212 212
213 213
214 214
215 215
216 216
217 217
218 218
219 219
220 220
221 221
222 222
223 223
224 224
225 225
226 226
227 227
228 228
229 229
230 230
231 231
232 232
233 233
234 234
235 235
236 236
237 237
238 238
239 239
240 240
241 241
242 242
243 243
244 244
245 245
246 246
247 247
248 248
249 249
250 250
251 251
252 252
253 253
254 254
255 255
256 256
257 257
258 258
259 259
260 260
261 261
262 262
263 263
264 264
267 267
268 268
269 269
270 270
271 271
272 272
273 273
274 274
275 275
276 276
278 278
279 279
280 280
281 281
282 282
283 283
284 284
285 285
286 286
287 287
288 288
291 291
292 292
294 294
295 295
296 296
297 297
298 298
299 299
300 300
303 303
304 304
305 305
306 306
307 307
308 308
309 309
310 310
311 311
312 312
315 315
316 316
317 317
318 318
319 319
320 320
321 321
322 322
323 323
324 324
327 327
328 328
329 329
330 330
331 331
332 332
333 333
334 334
335 335
336 336
339 339
340 340
341 341
342 342
343 343
344 344
345 345
346 346
347 347
348 348
351 351
352 352
353 353
354 354
355 355
356 356
357 357
358 358
359 359
360 360
363 363
364 364
365 365
366 366
367 367
368 368
369 369
370 370
371 371
372 372
375 375
376 376
377 377
378 378
379 379
380 380
381 381
382 382
383 383
384 384
387 387
388 388
389 389
390 390
391 391
392 392
393 393
394 394
395 395
396 396
399 399
400 400
401 401
402 402
403 403
404 404
405 405
406 406
407 407
408 408
411 411
412 412
413 413
414 414
415 415
416 416
418 418
419 419
420 420
423 423
424 424
425 425
426 426
427 427
428 428
429 429
430 430
431 431
432 432
435 435
436 436
437 437
438 438
439 439
440 440
441 441
442 442
443 443
444 444
447 447
448 448
449 449
450 450
451 451
452 452
453 453
454 454
455 455
456 456
459 459
460 460
461 461
462 462
463 463
464 464
465 465
466 466
467 467
468 468
471 471
472 472
473 473
474 474
475 475
476 476
477 477
478 478
479 479
480 480
483 483
484 484
485 485
486 486
487 487
488 488
489 489
490 490
491 491
492 492
495 495
496 496
497 497
498 498
499 499
500 500
501 501
502 502
503 503
504 504
507 507
508 508
509 509
510 510
511 511
512 512
513 513
514 514
515 515
516 516
517 517
518 518
519 519
520 520
521 521
522 522
523 523
524 524
525 525
526 526
527 527
528 528
529 529
530 530
531 531
532 532
533 533
534 534
535 535
536 536
537 537
538 538
539 539
540 540
541 541
542 542
543 543
544 544
545 545
546 546
547 547
548 548
549 549
550 550
551 551
552 552
553 553
554 554
555 555
556 556
557 557
558 558
559 559
560 560
561 561
562 562
563 563
564 564
565 565
566 566
567 567
568 568
569 569
570 570
571 571
572 572
573 573
574 574
575 575
576 576
577 577
578 578
579 579
580 580
581 581
582 582
583 583
584 584
585 585
586 586
587 587
588 588
589 589
590 590
591 591
592 592
593 593
594 594
595 595
596 596
597 597
598 598
599 599
600 600
601 601
602 602
603 603
604 604
605 605
606 606
607 607
608 608
609 609
610 610
611 611
612 612
613 613
614 614
615 615
616 616
617 617
618 618
619 619
620 620
621 621
622 622
623 623
624 624
625 625
626 626
627 627
628 628
629 629
630 630
631 631
632 632
633 633
634 634
635 635
636 636
637 637
638 638
639 639
640 640
641 641
642 642
643 643
644 644
645 645
646 646
647 647
648 648
649 649
650 650
651 651
652 652
653 653
654 654
655 655
656 656
657 657
658 658
659 659
660 660
661 661
662 662
663 663
664 664
665 665
666 666
667 667
668 668
669 669
670 670
671 671
672 672
673 673
674 674
675 675
676 676
677 677
678 678
679 679
680 680
681 681
682 682
683 683
684 684
685 685
686 686
687 687
688 688
689 689
690 690
691 691
692 692
693 693
694 694
695 695
696 696
697 697
698 698
699 699
700 700
701 701
702 702
703 703
704 704
705 705
706 706
707 707
708 708
709 709
710 710
711 711
712 712
713 713
714 714
715 715
716 716
717 717
718 718
719 719
720 720
721 721
722 722
723 723
724 724
725 725
726 726
727 727
728 728
729 729
730 730
731 731
732 732
733 733
734 734
735 735
736 736
737 737
738 738
739 739
740 740
741 741
742 742
743 743
744 744
745 745
746 746
747 747
748 748
749 749
750 750
751 751
752 752
753 753
754 754
755 755
756 756
757 757
758 758
759 759
760 760
761 761
762 762
763 763
764 764
765 765
766 766
767 767
768 768
769 769
770 770
771 771
772 772
773 773
774 774
775 775
776 776
777 777
778 778
779 779
780 780
781 781
782 782
783 783
784 784
785 785
786 786
787 787
788 788
789 789
790 790
791 791
792 792
793 793
794 794
795 795
796 796
797 797
798 798
799 799
800 800
801 801
802 802
803 803
804 804
805 805
806 806
807 807
808 808
809 809
810 810
811 811
812 812
813 813
814 814
815 815
816 816
817 817
818 818
819 819
820 820
821 821
822 822
823 823
824 824
825 825
826 826
827 827
828 828
829 829
830 830
831 831
832 832
833 833
834 834
835 835
836 836
837 837
838 838
839 839
840 840
841 841
842 842
843 843
844 844
845 845
846 846
847 847
848 848
849 849
850 850
851 851
852 852
853 853
854 854
855 855
856 856
857 857
858 858
859 859
860 860
861 861
862 862
863 863
864 864
865 865
866 866
867 867
868 868
869 869
870 870
871 871
872 872
873 873
874 874
875 875
876 876
877 877
878 878
879 879
880 880
881 881
882 882
883 883
884 884
885 885
886 886
887 887
888 888
889 889
890 890
891 891
892 892
893 893
894 894
895 895
896 896
897 897
898 898
899 899
900 900
901 901
902 902
903 903
904 904
905 905
906 906
907 907
908 908
909 909
910 910
911 911
912 912
913 913
914 914
915 915
916 916
917 917
918 918
919 919
920 920
921 921
922 922
923 923
924 924
925 925
926 926
927 927
928 928
929 929
930 930
931 931
932 932
933 933
934 934
935 935
936 936
937 937
938 938
939 939
940 940
941 941
942 942
943 943
944 944
945 945
946 946
947 947
948 948
949 949
950 950
951 951
952 952
953 953
954 954
955 955
956 956
957 957
958 958
959 959
960 960
961 961
962 962
963 963
964 964
965 965
966 966
967 967
968 968
969 969
970 970
971 971
972 972
973 973
974 974
975 975
976 976
977 977
978 978
979 979
980 980
981 981
982 982
983 983
984 984
985 985
986 986
987 987
988 988
989 989
990 990
991 991
992 992
993 993
994 994
995 995
996 996
997 997
998 998
999 999
1000 1000
1001 1001
1002 1002
1003 1003
1004 1004
1005 1005
1006 1006
1007 1007
1008 1008
1009 1009
1010 1010
1011 1011
1012 1012
1013 1013
1014 1014
1015 1015
1016 1016
1017 1017
1018 1018
1019 1019
1020 1020
1021 1021
1022 1022
1023 1023
1024 1024
1025 1025
1026 1026
1027 1027
1028 1028
1029 1029
1030 1030
1031 1031
1032 1032
1033 1033
1034 1034
1035 1035
1036 1036
1037 1037
1038 1038
1039 1039
1040 1040
1041 1041
1042 1042
1043 1043
1044 1044
1045 1045
1046 1046
1047 1047
1048 1048
1049 1049
1050 1050
1051 1051
1052 1052
1053 1053
1054 1054
1055 1055
1056 1056
1057 1057
1058 1058
1059 1059
1060 1060
1061 1061
1062 1062
1063 1063
1064 1064
1065 1065
1066 1066
1067 1067
1068 1068
1069 1069
1070 1070
1071 1071
1072 1072
1073 1073
1074 1074
1075 1075
1076 1076
1077 1077
1078 1078
1079 1079
1080 1080
1081 1081
1082 1082
1083 1083
1084 1084
1085 1085
1086 1086
1087 1087
1088 1088
1089 1089
1090 1090
1091 1091
1092 1092
1093 1093
1094 1094
1095 1095
1096 1096
1097 1097
1098 1098
1099 1099
1100 1100
1101 1101
1102 1102
1103 1103
1104 1104
1105 1105
1106 1106
1107 1107
1108 1108
1109 1109
1110 1110
1111 1111
1112 1112
1113 1113
1114 1114
1115 1115
1116 1116
1117 1117
1118 1118
1119 1119
1120 1120
1121 1121
1122 1122
1123 1123
1124 1124
1126 1126
1127 1127
1128 1128
1129 1129
1130 1130
1131 1131
1132 1132
1133 1133
1134 1134
1135 1135
1136 1136
1137 1137
1138 1138
1139 1139
1140 1140
1141 1141
1142 1142
1143 1143
1144 1144
1145 1145
1146 1146
1147 1147
1148 1148
1149 1149
1150 1150
1151 1151
1152 1152
1153 1153
1154 1154
1155 1155
1156 1156
1157 1157
1158 1158
1159 1159
1160 1160
1161 1161
1162 1162
1163 1163
1164 1164
1165 1165
1166 1166
1167 1167
1168 1168
1169 1169
1170 1170
1171 1171
1172 1172
1173 1173
1174 1174
1175 1175
1176 1176
1177 1177
1178 1178
1179 1179
1180 1180
1181 1181
1182 1182
1183 1183
1184 1184
1185 1185
1186 1186
1187 1187
1188 1188
1189 1189
1190 1190
1191 1191
1192 1192
1193 1193
1194 1194
1195 1195
1196 1196
1197 1197
1198 1198
1199 1199
1200 1200
1201 1201
1202 1202
1203 1203
1204 1204
1205 1205
1206 1206
1207 1207
1208 1208
1209 1209
1210 1210
1211 1211
1212 1212
1213 1213
1214 1214
1215 1215
1216 1216
1217 1217
1218 1218
1219 1219
1220 1220
1221 1221
1222 1222
1223 1223
1224 1224
1225 1225
1226 1226
1227 1227
1228 1228
1229 1229
1230 1230
# 2 0 target:0 c+:0 c-:92 score:174.82146247308785 score+:0 score-:699.2858498923514 nb:5 =l_1c_11 l_1c_17 l_1c_1 l_1c_14 l_1c_15 
127 127
129 129
130 130
132 132
133 133
135 135
136 136
138 138
139 139
141 141
142 142
144 144
145 145
147 147
148 148
149 149
150 150
151 151
153 153
154 154
156 156
157 157
159 159
160 160
162 162
163 163
165 165
166 166
168 168
169 169
171 171
172 172
173 173
174 174
175 175
177 177
178 178
180 180
181 181
183 183
184 184
186 186
187 187
189 189
190 190
192 192
193 193
195 195
196 196
197 197
198 198
199 199
201 201
202 202
204 204
205 205
207 207
210 210
211 211
213 213
214 214
216 216
217 217
219 219
220 220
221 221
222 222
225 225
226 226
228 228
231 231
232 232
234 234
235 235
237 237
238 238
239 239
240 240
241 241
242 242
243 243
244 244
245 245
246 246
247 247
248 248
249 249
250 250
251 251
252 252
253 253
254 254
# 3 1 target:0 c+:19 c-:55 score:69.86590283214618 score+:157.45237937440672 score-:646.5136991994299 nb:10 =l_1c_7 l_1c_17 l_1c_1 l_1c_4 l_1c_13 l_1c_14 l_1c_8 l_1c_0 l_1c_18 l_1c_9 
63 63
64 64
65 65
67 67
68 68
69 69
70 70
71 71
73 73
74 74
75 75
76 76
77 77
79 79
80 80
81 81
82 82
83 83
85 85
86 86
87 87
88 88
89 89
91 91
92 92
93 93
94 94
95 95
97 97
98 98
99 99
100 100
101 101
103 103
104 104
105 105
106 106
107 107
109 109
110 110
111 111
112 112
113 113
115 115
116 116
117 117
118 118
119 119
120 120
121 121
122 122
123 123
124 124
125 125
709 709
727 727
736 736
745 745
754 754
763 763
772 772
790 790
799 799
808 808
817 817
826 826
835 835
844 844
853 853
862 862
871 871
880 880
889 889
1127 1127
# 4 2 target:0 c+:0 c-:20 score:11.776039069890206 score+:0 score-:54.16977972149495 nb:6 =l_1c_2 l_1c_17 l_1c_1 l_1c_14 l_1c_15 l_1c_11 
132 132
144 144
150 150
156 156
162 162
168 168
174 174
186 186
192 192
198 198
204 204
210 210
216 216
222 222
228 228
234 234
240 240
245 245
246 246
252 252
# 5 3 target:0 c+:722 c-:508 score:10.466367644723107 score+:261.49960571348043 score-:278.2457939450374 nb:1 =l_1c_17 
49 49
6 6
12 12
18 18
30 30
36 36
42 42
48 48
54 54
60 60
206 206
215 215
229 229
516 516
518 518
525 525
527 527
534 534
536 536
539 539
543 543
545 545
552 552
554 554
561 561
563 563
570 570
572 572
579 579
581 581
590 590
597 597
599 599
606 606
608 608
615 615
617 617
626 626
633 633
635 635
642 642
644 644
651 651
653 653
660 660
662 662
678 678
680 680
687 687
689 689
696 696
698 698
705 705
707 707
714 714
716 716
723 723
725 725
732 732
734 734
741 741
743 743
750 750
752 752
759 759
761 761
768 768
770 770
777 777
779 779
786 786
788 788
795 795
797 797
804 804
806 806
813 813
815 815
822 822
824 824
831 831
833 833
840 840
842 842
849 849
851 851
858 858
860 860
867 867
869 869
876 876
878 878
885 885
887 887
894 894
896 896
903 903
905 905
912 912
914 914
921 921
923 923
930 930
932 932
939 939
941 941
948 948
950 950
957 957
959 959
966 966
968 968
975 975
977 977
984 984
993 993
995 995
1002 1002
1004 1004
1011 1011
1013 1013
1020 1020
1022 1022
1029 1029
1031 1031
1038 1038
1040 1040
1047 1047
1049 1049
1056 1056
1058 1058
1065 1065
1067 1067
1074 1074
1076 1076
1083 1083
1085 1085
1092 1092
1094 1094
1103 1103
1110 1110
1112 1112
1119 1119
1121 1121
1139 1139
1148 1148
1164 1164
1166 1166
1173 1173
1175 1175
1182 1182
1184 1184
1191 1191
1193 1193
1200 1200
1202 1202
1209 1209
1211 1211
1218 1218
1220 1220
1227 1227
1 1
4 4
7 7
10 10
16 16
22 22
24 24
31 31
34 34
43 43
46 46
55 55
58 58
63 63
64 64
65 65
66 66
67 67
68 68
69 69
70 70
71 71
72 72
73 73
74 74
75 75
76 76
77 77
78 78
79 79
80 80
81 81
82 82
83 83
84 84
85 85
86 86
87 87
88 88
89 89
90 90
91 91
92 92
93 93
94 94
95 95
96 96
97 97
98 98
99 99
100 100
101 101
102 102
103 103
104 104
105 105
106 106
107 107
108 108
109 109
110 110
111 111
112 112
113 113
114 114
115 115
116 116
117 117
118 118
119 119
120 120
121 121
122 122
123 123
124 124
125 125
126 126
384 384
414 414
432 432
511 511
512 512
514 514
515 515
521 521
523 523
524 524
530 530
532 532
533 533
542 542
548 548
550 550
551 551
557 557
559 559
560 560
566 566
568 568
569 569
575 575
577 577
578 578
586 586
587 587
588 588
593 593
595 595
596 596
602 602
604 604
605 605
611 611
613 613
614 614
622 622
623 623
624 624
632 632
638 638
640 640
641 641
647 647
649 649
650 650
656 656
658 658
659 659
665 665
667 667
668 668
669 669
671 671
672 672
674 674
676 676
677 677
683 683
685 685
686 686
692 692
694 694
695 695
701 701
703 703
704 704
709 709
710 710
712 712
713 713
718 718
719 719
721 721
722 722
727 727
728 728
730 730
731 731
736 736
737 737
739 739
740 740
745 745
749 749
754 754
755 755
757 757
758 758
763 763
764 764
766 766
767 767
772 772
773 773
775 775
776 776
781 781
782 782
784 784
785 785
790 790
791 791
793 793
794 794
799 799
800 800
802 802
803 803
808 808
809 809
811 811
812 812
817 817
818 818
820 820
821 821
826 826
827 827
829 829
830 830
835 835
836 836
838 838
839 839
844 844
845 845
847 847
848 848
853 853
854 854
856 856
857 857
862 862
863 863
865 865
866 866
871 871
872 872
874 874
875 875
880 880
881 881
883 883
884 884
889 889
890 890
892 892
893 893
898 898
899 899
901 901
902 902
907 907
908 908
910 910
911 911
916 916
917 917
919 919
920 920
925 925
926 926
928 928
929 929
934 934
935 935
937 937
938 938
943 943
944 944
946 946
947 947
952 952
953 953
955 955
956 956
961 961
962 962
964 964
965 965
970 970
971 971
973 973
974 974
979 979
980 980
983 983
988 988
989 989
991 991
992 992
997 997
998 998
1000 1000
1001 1001
1006 1006
1007 1007
1009 1009
1010 1010
1015 1015
1016 1016
1018 1018
1019 1019
1024 1024
1025 1025
1027 1027
1028 1028
1033 1033
1034 1034
1036 1036
1037 1037
1042 1042
1043 1043
1045 1045
1046 1046
1051 1051
1052 1052
1054 1054
1055 1055
1060 1060
1061 1061
1063 1063
1064 1064
1069 1069
1070 1070
1072 1072
1073 1073
1078 1078
1079 1079
1081 1081
1082 1082
1087 1087
1088 1088
1090 1090
1091 1091
1096 1096
1099 1099
1100 1100
1101 1101
1105 1105
1106 1106
1108 1108
1109 1109
1114 1114
1115 1115
1117 1117
1118 1118
1123 1123
1126 1126
1127 1127
1135 1135
1136 1136
1137 1137
1141 1141
1142 1142
1143 1143
1144 1144
1145 1145
1146 1146
1150 1150
1151 1151
1153 1153
1154 1154
1155 1155
1157 1157
1158 1158
1159 1159
1160 1160
1162 1162
1163 1163
1168 1168
1169 1169
1171 1171
1172 1172
1177 1177
1178 1178
1180 1180
1181 1181
1186 1186
1187 1187
1189 1189
1190 1190
1195 1195
1196 1196
1198 1198
1199 1199
1204 1204
1205 1205
1207 1207
1208 1208
1213 1213
1214 1214
1216 1216
1217 1217
1222 1222
1223 1223
1226 1226
1229 1229
0 0
2 2
3 3
5 5
8 8
9 9
11 11
13 13
14 14
15 15
17 17
19 19
20 20
21 21
23 23
25 25
26 26
27 27
28 28
29 29
32 32
33 33
35 35
37 37
38 38
39 39
40 40
41 41
44 44
45 45
47 47
50 50
51 51
52 52
53 53
56 56
57 57
59 59
61 61
62 62
258 258
264 264
270 270
276 276
278 278
282 282
288 288
294 294
300 300
306 306
312 312
318 318
324 324
330 330
336 336
342 342
348 348
354 354
360 360
366 366
372 372
378 378
390 390
396 396
402 402
408 408
418 418
419 419
420 420
426 426
438 438
444 444
447 447
450 450
456 456
459 459
462 462
468 468
473 473
474 474
513 513
517 517
519 519
520 520
522 522
526 526
528 528
529 529
531 531
535 535
537 537
538 538
540 540
541 541
544 544
546 546
547 547
549 549
553 553
555 555
556 556
558 558
562 562
564 564
565 565
567 567
571 571
573 573
574 574
576 576
580 580
582 582
583 583
584 584
585 585
589 589
591 591
592 592
594 594
598 598
600 600
601 601
603 603
607 607
609 609
610 610
612 612
616 616
618 618
619 619
620 620
621 621
625 625
627 627
628 628
629 629
630 630
631 631
634 634
636 636
637 637
639 639
643 643
645 645
646 646
648 648
652 652
654 654
655 655
657 657
661 661
663 663
664 664
673 673
675 675
679 679
681 681
682 682
684 684
688 688
690 690
691 691
693 693
697 697
699 699
700 700
702 702
706 706
708 708
711 711
715 715
717 717
720 720
724 724
726 726
729 729
733 733
735 735
738 738
742 742
744 744
746 746
747 747
748 748
751 751
753 753
756 756
760 760
762 762
765 765
769 769
771 771
774 774
778 778
780 780
783 783
787 787
789 789
792 792
796 796
798 798
801 801
805 805
807 807
810 810
814 814
816 816
819 819
823 823
825 825
828 828
832 832
834 834
837 837
841 841
843 843
846 846
850 850
852 852
855 855
859 859
861 861
864 864
868 868
870 870
873 873
877 877
879 879
882 882
886 886
888 888
891 891
895 895
897 897
900 900
904 904
906 906
909 909
913 913
915 915
918 918
922 922
924 924
927 927
931 931
933 933
936 936
940 940
942 942
945 945
951 951
954 954
958 958
960 960
963 963
967 967
969 969
972 972
976 976
978 978
982 982
985 985
986 986
987 987
990 990
994 994
996 996
999 999
1003 1003
1005 1005
1008 1008
1012 1012
1014 1014
1017 1017
1021 1021
1023 1023
1026 1026
1030 1030
1032 1032
1035 1035
1039 1039
1041 1041
1044 1044
1048 1048
1050 1050
1053 1053
1057 1057
1059 1059
1062 1062
1066 1066
1068 1068
1071 1071
1075 1075
1077 1077
1080 1080
1084 1084
1086 1086
1089 1089
1093 1093
1095 1095
1097 1097
1098 1098
1102 1102
1104 1104
1107 1107
1111 1111
1113 1113
1116 1116
1120 1120
1122 1122
1125 1125
1129 1129
1131 1131
1132 1132
1133 1133
1134 1134
1138 1138
1140 1140
1147 1147
1149 1149
1161 1161
1165 1165
1167 1167
1170 1170
1174 1174
1176 1176
1179 1179
1183 1183
1185 1185
1188 1188
1192 1192
1194 1194
1197 1197
1201 1201
1203 1203
1206 1206
1210 1210
1212 1212
1215 1215
1219 1219
1221 1221
1224 1224
1225 1225
1228 1228
1230 1230
255 255
256 256
259 259
260 260
261 261
262 262
267 267
268 268
271 271
272 272
273 273
274 274
279 279
280 280
283 283
284 284
285 285
286 286
291 291
292 292
295 295
296 296
297 297
298 298
303 303
304 304
307 307
308 308
309 309
310 310
315 315
316 316
319 319
320 320
321 321
322 322
327 327
328 328
331 331
332 332
333 333
334 334
339 339
340 340
343 343
344 344
345 345
346 346
351 351
352 352
355 355
356 356
357 357
358 358
363 363
364 364
367 367
368 368
369 369
370 370
375 375
376 376
379 379
380 380
381 381
382 382
387 387
388 388
391 391
392 392
393 393
394 394
399 399
400 400
403 403
404 404
405 405
406 406
411 411
412 412
415 415
416 416
423 423
424 424
427 427
428 428
429 429
430 430
435 435
436 436
439 439
440 440
441 441
442 442
451 451
452 452
453 453
454 454
463 463
464 464
465 465
466 466
471 471
472 472
475 475
476 476
477 477
478 478
479 479
480 480
483 483
484 484
485 485
486 486
487 487
488 488
489 489
490 490
491 491
492 492
495 495
496 496
497 497
498 498
499 499
500 500
501 501
502 502
503 503
504 504
507 507
508 508
509 509
510 510
666 666
670 670
949 949
981 981
1152 1152
1156 1156
127 127
128 128
129 129
130 130
131 131
132 132
133 133
134 134
135 135
136 136
137 137
138 138
139 139
140 140
141 141
142 142
143 143
144 144
145 145
146 146
147 147
148 148
149 149
150 150
151 151
152 152
153 153
154 154
155 155
156 156
157 157
158 158
159 159
160 160
161 161
162 162
163 163
164 164
165 165
166 166
167 167
168 168
169 169
170 170
171 171
172 172
173 173
174 174
175 175
176 176
177 177
178 178
179 179
180 180
181 181
182 182
183 183
184 184
185 185
186 186
187 187
188 188
189 189
190 190
191 191
192 192
193 193
194 194
195 195
196 196
197 197
198 198
199 199
200 200
201 201
202 202
203 203
204 204
205 205
207 207
208 208
209 209
210 210
211 211
212 212
213 213
214 214
216 216
217 217
218 218
219 219
220 220
221 221
222 222
223 223
224 224
225 225
226 226
227 227
228 228
230 230
231 231
232 232
233 233
234 234
235 235
236 236
237 237
238 238
239 239
240 240
241 241
242 242
243 243
244 244
245 245
246 246
247 247
248 248
249 249
250 250
251 251
252 252
253 253
254 254
1124 1124
1128 1128
1130 1130
257 257
263 263
265 265
266 266
269 269
275 275
277 277
281 281
287 287
289 289
290 290
299 299
301 301
302 302
305 305
311 311
313 313
314 314
317 317
323 323
325 325
326 326
329 329
335 335
337 337
338 338
341 341
347 347
349 349
350 350
353 353
359 359
361 361
362 362
365 365
371 371
373 373
374 374
377 377
383 383
385 385
386 386
389 389
395 395
397 397
398 398
401 401
407 407
409 409
410 410
413 413
417 417
421 421
422 422
425 425
431 431
433 433
434 434
437 437
443 443
445 445
446 446
448 448
449 449
455 455
457 457
458 458
460 460
461 461
467 467
469 469
470 470
481 481
482 482
493 493
494 494
505 505
506 506
# 6 4 target:0 c+:0 c-:14 score:3.0472505648651693 score+:0 score-:14.017352598379778 nb:6 =l_1c_11 l_1c_17 l_1c_1 l_1c_14 l_1c_15 l_1c_13 
133 133
145 145
157 157
165 165
166 166
169 169
181 181
193 193
205 205
217 217
241 241
242 242
253 253
254 254
# 7 0 target:1 c+:716 c-:168 score:330.73103305003565 score+:1559.7190100609057 score-:435.23349769078425 nb:4 =l_1c_13 l_1c_17 l_1c_1 l_1c_4 
49 49
6 6
12 12
18 18
30 30
36 36
42 42
48 48
54 54
60 60
206 206
215 215
229 229
516 516
518 518
525 525
527 527
534 534
536 536
539 539
543 543
545 545
552 552
554 554
561 561
563 563
570 570
572 572
579 579
581 581
590 590
597 597
599 599
606 606
608 608
615 615
617 617
626 626
633 633
635 635
642 642
644 644
651 651
653 653
660 660
662 662
678 678
680 680
687 687
689 689
696 696
698 698
705 705
707 707
714 714
716 716
723 723
725 725
732 732
734 734
741 741
743 743
750 750
752 752
759 759
761 761
768 768
770 770
777 777
779 779
786 786
788 788
795 795
797 797
804 804
806 806
813 813
815 815
822 822
824 824
831 831
833 833
840 840
842 842
849 849
851 851
858 858
860 860
867 867
869 869
876 876
878 878
885 885
887 887
894 894
896 896
903 903
905 905
912 912
914 914
921 921
923 923
930 930
932 932
939 939
941 941
948 948
950 950
957 957
959 959
966 966
968 968
975 975
977 977
984 984
993 993
995 995
1002 1002
1004 1004
1011 1011
1013 1013
1020 1020
1022 1022
1029 1029
1031 1031
1038 1038
1040 1040
1047 1047
1049 1049
1056 1056
1058 1058
1065 1065
1067 1067
1074 1074
1076 1076
1083 1083
1085 1085
1092 1092
1094 1094
1103 1103
1110 1110
1112 1112
1119 1119
1121 1121
1139 1139
1148 1148
1164 1164
1166 1166
1173 1173
1175 1175
1182 1182
1184 1184
1191 1191
1193 1193
1200 1200
1202 1202
1209 1209
1211 1211
1218 1218
1220 1220
1227 1227
1 1
4 4
7 7
10 10
16 16
22 22
24 24
31 31
34 34
43 43
46 46
55 55
58 58
63 63
64 64
65 65
66 66
67 67
68 68
69 69
70 70
71 71
72 72
73 73
74 74
75 75
76 76
77 77
78 78
79 79
80 80
81 81
82 82
83 83
84 84
85 85
86 86
87 87
88 88
89 89
90 90
91 91
92 92
93 93
94 94
95 95
96 96
97 97
98 98
99 99
100 100
101 101
102 102
103 103
104 104
105 105
106 106
107 107
108 108
109 109
110 110
111 111
112 112
113 113
114 114
115 115
116 116
117 117
118 118
119 119
120 120
121 121
122 122
123 123
124 124
125 125
126 126
384 384
414 414
432 432
511 511
512 512
514 514
515 515
521 521
523 523
524 524
530 530
532 532
533 533
542 542
548 548
550 550
551 551
557 557
559 559
560 560
566 566
568 568
569 569
575 575
577 577
578 578
586 586
587 587
588 588
593 593
595 595
596 596
602 602
604 604
605 605
611 611
613 613
614 614
622 622
623 623
624 624
632 632
638 638
640 640
641 641
647 647
649 649
650 650
656 656
658 658
659 659
665 665
667 667
668 668
669 669
671 671
672 672
674 674
676 676
677 677
683 683
685 685
686 686
692 692
694 694
695 695
701 701
703 703
704 704
709 709
710 710
712 712
713 713
718 718
719 719
721 721
722 722
727 727
728 728
730 730
731 731
736 736
737 737
739 739
740 740
745 745
749 749
754 754
755 755
757 757
758 758
763 763
764 764
766 766
767 767
772 772
773 773
775 775
776 776
781 781
782 782
784 784
785 785
790 790
791 791
793 793
794 794
799 799
800 800
802 802
803 803
808 808
809 809
811 811
812 812
817 817
818 818
820 820
821 821
826 826
827 827
829 829
830 830
835 835
836 836
838 838
839 839
844 844
845 845
847 847
848 848
853 853
854 854
856 856
857 857
862 862
863 863
865 865
866 866
871 871
872 872
874 874
875 875
880 880
881 881
883 883
884 884
889 889
890 890
892 892
893 893
898 898
899 899
901 901
902 902
907 907
908 908
910 910
911 911
916 916
917 917
919 919
920 920
925 925
926 926
928 928
929 929
934 934
935 935
937 937
938 938
943 943
944 944
946 946
947 947
952 952
953 953
955 955
956 956
961 961
962 962
964 964
965 965
970 970
971 971
973 973
974 974
979 979
980 980
983 983
988 988
989 989
991 991
992 992
997 997
998 998
1000 1000
1001 1001
1006 1006
1007 1007
1009 1009
1010 1010
1015 1015
1016 1016
1018 1018
1019 1019
1024 1024
1025 1025
1027 1027
1028 1028
1033 1033
1034 1034
1036 1036
1037 1037
1042 1042
1043 1043
1045 1045
1046 1046
1051 1051
1052 1052
1054 1054
1055 1055
1060 1060
1061 1061
1063 1063
1064 1064
1069 1069
1070 1070
1072 1072
1073 1073
1078 1078
1079 1079
1081 1081
1082 1082
1087 1087
1088 1088
1090 1090
1091 1091
1096 1096
1099 1099
1100 1100
1101 1101
1105 1105
1106 1106
1108 1108
1109 1109
1114 1114
1115 1115
1117 1117
1118 1118
1123 1123
1126 1126
1127 1127
1135 1135
1136 1136
1137 1137
1141 1141
1142 1142
1143 1143
1144 1144
1145 1145
1146 1146
1150 1150
1151 1151
1153 1153
1154 1154
1155 1155
1157 1157
1158 1158
1159 1159
1160 1160
1162 1162
1163 1163
1168 1168
1169 1169
1171 1171
1172 1172
1177 1177
1178 1178
1180 1180
1181 1181
1186 1186
1187 1187
1189 1189
1190 1190
1195 1195
1196 1196
1198 1198
1199 1199
1204 1204
1205 1205
1207 1207
1208 1208
1213 1213
1214 1214
1216 1216
1217 1217
1222 1222
1223 1223
1226 1226
1229 1229
0 0
2 2
3 3
5 5
8 8
9 9
11 11
13 13
14 14
15 15
17 17
19 19
20 20
21 21
23 23
25 25
26 26
27 27
28 28
29 29
32 32
33 33
35 35
37 37
38 38
39 39
40 40
41 41
44 44
45 45
47 47
50 50
51 51
52 52
53 53
56 56
57 57
59 59
61 61
62 62
258 258
264 264
270 270
276 276
278 278
282 282
288 288
294 294
300 300
306 306
312 312
318 318
324 324
330 330
336 336
342 342
348 348
354 354
360 360
366 366
372 372
378 378
390 390
396 396
402 402
408 408
418 418
419 419
420 420
426 426
438 438
444 444
447 447
450 450
456 456
459 459
462 462
468 468
473 473
474 474
513 513
517 517
519 519
520 520
522 522
526 526
528 528
529 529
531 531
535 535
537 537
538 538
540 540
541 541
544 544
546 546
547 547
549 549
553 553
555 555
556 556
558 558
562 562
564 564
565 565
567 567
571 571
573 573
574 574
576 576
580 580
582 582
583 583
584 584
585 585
589 589
591 591
592 592
594 594
598 598
600 600
601 601
603 603
607 607
609 609
610 610
612 612
616 616
618 618
619 619
620 620
621 621
625 625
627 627
628 628
629 629
630 630
631 631
634 634
636 636
637 637
639 639
643 643
645 645
646 646
648 648
652 652
654 654
655 655
657 657
661 661
663 663
664 664
673 673
675 675
679 679
681 681
682 682
684 684
688 688
690 690
691 691
693 693
697 697
699 699
700 700
702 702
706 706
708 708
711 711
715 715
717 717
720 720
724 724
726 726
729 729
733 733
735 735
738 738
742 742
744 744
746 746
747 747
748 748
751 751
753 753
756 756
760 760
762 762
765 765
769 769
771 771
774 774
778 778
780 780
783 783
787 787
789 789
792 792
796 796
798 798
801 801
805 805
807 807
810 810
814 814
816 816
819 819
823 823
825 825
828 828
832 832
834 834
837 837
841 841
843 843
846 846
850 850
852 852
855 855
859 859
861 861
864 864
868 868
870 870
873 873
877 877
879 879
882 882
886 886
888 888
891 891
895 895
897 897
900 900
904 904
906 906
909 909
913 913
915 915
918 918
922 922
924 924
927 927
931 931
933 933
936 936
940 940
942 942
945 945
951 951
954 954
958 958
960 960
963 963
967 967
969 969
972 972
976 976
978 978
982 982
985 985
986 986
987 987
990 990
994 994
996 996
999 999
1003 1003
1005 1005
1008 1008
1012 1012
1014 1014
1017 1017
1021 1021
1023 1023
1026 1026
1030 1030
1032 1032
1035 1035
1039 1039
1041 1041
1044 1044
1048 1048
1050 1050
1053 1053
1057 1057
1059 1059
1062 1062
1066 1066
1068 1068
1071 1071
1075 1075
1077 1077
1080 1080
1084 1084
1086 1086
1089 1089
1093 1093
1095 1095
1097 1097
1098 1098
1102 1102
1104 1104
1107 1107
1111 1111
1113 1113
1116 1116
1120 1120
1122 1122
1125 1125
1129 1129
1131 1131
1132 1132
1133 1133
1134 1134
1138 1138
1140 1140
1147 1147
1149 1149
1161 1161
1165 1165
1167 1167
1170 1170
1174 1174
1176 1176
1179 1179
1183 1183
1185 1185
1188 1188
1192 1192
1194 1194
1197 1197
1201 1201
1203 1203
1206 1206
1210 1210
1212 1212
1215 1215
1219 1219
1221 1221
1224 1224
1225 1225
1228 1228
1230 1230
# 8 1 target:1 c+:148 c-:13 score:63.956651713782925 score+:377.9577934059305 score-:83.75719552252905 nb:6 =l_1c_15 l_1c_17 l_1c_1 l_1c_14 l_1c_13 l_1c_4 
49 49
6 6
12 12
18 18
30 30
36 36
42 42
48 48
54 54
60 60
206 206
215 215
229 229
516 516
518 518
525 525
527 527
534 534
536 536
539 539
543 543
545 545
552 552
554 554
561 561
563 563
570 570
572 572
579 579
581 581
590 590
597 597
599 599
606 606
608 608
615 615
617 617
626 626
633 633
635 635
642 642
644 644
651 651
653 653
660 660
662 662
678 678
680 680
687 687
689 689
696 696
698 698
705 705
707 707
714 714
716 716
723 723
725 725
732 732
734 734
741 741
743 743
750 750
752 752
759 759
761 761
768 768
770 770
777 777
779 779
786 786
788 788
795 795
797 797
804 804
806 806
813 813
815 815
822 822
824 824
831 831
833 833
840 840
842 842
849 849
851 851
858 858
860 860
867 867
869 869
876 876
878 878
885 885
887 887
894 894
896 896
903 903
905 905
912 912
914 914
921 921
923 923
930 930
932 932
939 939
941 941
948 948
950 950
957 957
959 959
966 966
968 968
975 975
977 977
984 984
993 993
995 995
1002 1002
1004 1004
1011 1011
1013 1013
1020 1020
1022 1022
1029 1029
1031 1031
1038 1038
1040 1040
1047 1047
1049 1049
1056 1056
1058 1058
1065 1065
1067 1067
1074 1074
1076 1076
1083 1083
1085 1085
1092 1092
1094 1094
1103 1103
1110 1110
1112 1112
1119 1119
1121 1121
1139 1139
1148 1148
1164 1164
1166 1166
1173 1173
1175 1175
1182 1182
1184 1184
1191 1191
1193 1193
1200 1200
1202 1202
1209 1209
1211 1211
1218 1218
1220 1220
1227 1227
# 9 2 target:1 c+:167 c-:71 score:19.76807323978639 score+:377.86841375866385 score-:286.93527685564646 nb:6 =l_1c_8 l_1c_17 l_1c_1 l_1c_4 l_1c_13 l_1c_14 
49 49
24 24
63 63
64 64
65 65
66 66
67 67
68 68
69 69
70 70
71 71
72 72
73 73
74 74
75 75
76 76
77 77
78 78
79 79
80 80
81 81
82 82
83 83
84 84
85 85
86 86
87 87
88 88
89 89
90 90
91 91
92 92
93 93
94 94
95 95
96 96
97 97
98 98
99 99
100 100
101 101
102 102
103 103
104 104
105 105
106 106
107 107
108 108
109 109
110 110
111 111
112 112
113 113
114 114
115 115
116 116
117 117
118 118
119 119
120 120
121 121
122 122
123 123
124 124
125 125
126 126
384 384
414 414
511 511
515 515
524 524
533 533
542 542
551 551
560 560
569 569
578 578
587 587
596 596
605 605
614 614
623 623
632 632
641 641
650 650
659 659
668 668
672 672
677 677
686 686
695 695
704 704
709 709
713 713
718 718
722 722
727 727
731 731
736 736
740 740
745 745
749 749
754 754
758 758
763 763
767 767
772 772
776 776
781 781
785 785
790 790
794 794
799 799
803 803
808 808
812 812
817 817
821 821
826 826
830 830
835 835
839 839
844 844
848 848
853 853
857 857
862 862
866 866
871 871
875 875
880 880
884 884
889 889
893 893
899 899
901 901
902 902
908 908
910 910
911 911
917 917
919 919
920 920
926 926
928 928
929 929
935 935
937 937
938 938
946 946
947 947
953 953
955 955
956 956
962 962
964 964
965 965
971 971
973 973
974 974
980 980
983 983
989 989
991 991
992 992
998 998
1000 1000
1001 1001
1007 1007
1009 1009
1010 1010
1016 1016
1018 1018
1019 1019
1025 1025
1027 1027
1028 1028
1034 1034
1036 1036
1037 1037
1043 1043
1045 1045
1046 1046
1052 1052
1054 1054
1055 1055
1061 1061
1063 1063
1064 1064
1070 1070
1072 1072
1073 1073
1079 1079
1081 1081
1082 1082
1087 1087
1091 1091
1099 1099
1100 1100
1106 1106
1108 1108
1109 1109
1115 1115
1117 1117
1118 1118
1123 1123
1127 1127
1136 1136
1142 1142
1144 1144
1145 1145
1146 1146
1151 1151
1153 1153
1154 1154
1158 1158
1159 1159
1163 1163
1169 1169
1171 1171
1172 1172
1178 1178
1180 1180
1181 1181
1187 1187
1189 1189
1190 1190
1196 1196
1198 1198
1199 1199
1205 1205
1207 1207
1208 1208
1214 1214
1216 1216
1217 1217
1223 1223
1226 1226
# 10 0 target:0 c+:8 c-:409 score:578.7591626238201 score+:48.98862265977984 score-:4794.813756175103 nb:12 =l_2c_15 l_2c_11 l_2c_16 l_2c_4 l_2c_7 l_2c_8 l_2c_2 l_2c_10 l_2c_1 l_2c_6 l_2c_3 l_2c_0 
35 35
156 156
204 204
210 210
543 543
1130 1130
32 32
44 44
56 56
180 180
206 206
301 301
302 302
349 349
350 350
397 397
398 398
445 445
446 446
493 493
494 494
545 545
633 633
750 750
948 948
949 949
950 950
981 981
47 47
50 50
53 53
192 192
216 216
133 133
134 134
145 145
146 146
157 157
158 158
169 169
170 170
179 179
181 181
182 182
193 193
194 194
205 205
217 217
218 218
229 229
230 230
235 235
241 241
242 242
253 253
254 254
265 265
266 266
289 289
290 290
313 313
314 314
325 325
326 326
337 337
338 338
373 373
374 374
385 385
386 386
409 409
410 410
421 421
422 422
433 433
434 434
457 457
458 458
469 469
470 470
481 481
482 482
491 491
492 492
505 505
506 506
38 38
191 191
165 165
166 166
413 413
104 104
255 255
256 256
257 257
259 259
260 260
261 261
262 262
263 263
267 267
268 268
269 269
271 271
272 272
273 273
274 274
275 275
277 277
279 279
280 280
281 281
283 283
284 284
285 285
286 286
287 287
291 291
292 292
295 295
296 296
297 297
298 298
299 299
303 303
304 304
305 305
307 307
308 308
309 309
310 310
311 311
315 315
316 316
317 317
319 319
320 320
321 321
322 322
323 323
327 327
328 328
329 329
331 331
332 332
333 333
334 334
335 335
339 339
340 340
341 341
343 343
344 344
345 345
346 346
347 347
351 351
352 352
353 353
355 355
356 356
357 357
358 358
359 359
361 361
362 362
363 363
364 364
365 365
367 367
368 368
369 369
370 370
371 371
375 375
376 376
377 377
379 379
380 380
381 381
382 382
383 383
387 387
388 388
389 389
391 391
392 392
393 393
394 394
395 395
399 399
400 400
401 401
403 403
404 404
405 405
406 406
407 407
411 411
412 412
415 415
416 416
423 423
424 424
425 425
427 427
428 428
429 429
430 430
431 431
435 435
436 436
437 437
439 439
440 440
441 441
442 442
443 443
448 448
449 449
451 451
452 452
453 453
454 454
455 455
460 460
461 461
463 463
464 464
465 465
466 466
467 467
471 471
472 472
475 475
476 476
477 477
478 478
479 479
480 480
483 483
484 484
485 485
486 486
487 487
488 488
489 489
490 490
495 495
496 496
497 497
498 498
499 499
500 500
501 501
502 502
503 503
504 504
507 507
508 508
509 509
510 510
31 31
33 33
34 34
37 37
40 40
41 41
43 43
46 46
51 51
52 52
55 55
58 58
59 59
62 62
82 82
89 89
95 95
107 107
127 127
128 128
129 129
130 130
132 132
135 135
136 136
139 139
140 140
141 141
142 142
143 143
144 144
147 147
148 148
150 150
151 151
152 152
153 153
154 154
159 159
160 160
162 162
163 163
164 164
168 168
171 171
172 172
174 174
175 175
176 176
177 177
178 178
183 183
184 184
186 186
187 187
188 188
189 189
190 190
195 195
196 196
198 198
199 199
201 201
202 202
207 207
211 211
212 212
213 213
214 214
219 219
220 220
222 222
223 223
224 224
225 225
226 226
228 228
231 231
232 232
234 234
237 237
238 238
239 239
240 240
243 243
244 244
246 246
247 247
248 248
249 249
250 250
251 251
252 252
36 36
39 39
42 42
45 45
48 48
49 49
54 54
57 57
60 60
61 61
64 64
65 65
67 67
70 70
71 71
73 73
74 74
76 76
77 77
79 79
80 80
83 83
85 85
86 86
88 88
91 91
92 92
94 94
97 97
98 98
99 99
100 100
101 101
103 103
105 105
106 106
109 109
110 110
112 112
113 113
115 115
116 116
118 118
119 119
121 121
122 122
123 123
124 124
125 125
138 138
149 149
161 161
173 173
185 185
197 197
200 200
208 208
221 221
233 233
245 245
293 293
417 417
# 11 1 target:0 c+:267 c-:492 score:171.12066240707424 score+:201.00960337452517 score-:474.80266322584396 nb:1 =l_2c_14 
35 35
156 156
204 204
210 210
543 543
1130 1130
32 32
44 44
56 56
180 180
206 206
301 301
302 302
349 349
350 350
397 397
398 398
445 445
446 446
493 493
494 494
516 516
518 518
525 525
527 527
534 534
536 536
545 545
552 552
554 554
561 561
563 563
570 570
572 572
579 579
581 581
597 597
599 599
606 606
608 608
615 615
617 617
633 633
642 642
644 644
651 651
653 653
660 660
662 662
678 678
680 680
687 687
689 689
696 696
698 698
705 705
707 707
714 714
716 716
723 723
725 725
732 732
734 734
741 741
743 743
750 750
759 759
761 761
768 768
770 770
777 777
779 779
786 786
788 788
795 795
797 797
804 804
806 806
813 813
815 815
822 822
824 824
831 831
833 833
840 840
842 842
849 849
851 851
858 858
860 860
867 867
869 869
876 876
878 878
885 885
887 887
894 894
896 896
903 903
905 905
912 912
914 914
921 921
923 923
930 930
932 932
939 939
941 941
946 946
948 948
949 949
950 950
957 957
959 959
966 966
968 968
975 975
977 977
981 981
993 993
995 995
1002 1002
1004 1004
1011 1011
1013 1013
1020 1020
1022 1022
1029 1029
1031 1031
1038 1038
1040 1040
1047 1047
1049 1049
1056 1056
1058 1058
1065 1065
1067 1067
1074 1074
1076 1076
1083 1083
1085 1085
1092 1092
1094 1094
1110 1110
1112 1112
1119 1119
1121 1121
1164 1164
1166 1166
1173 1173
1175 1175
1182 1182
1184 1184
1191 1191
1193 1193
1200 1200
1202 1202
1209 1209
1211 1211
1218 1218
1220 1220
980 980
947 947
515 515
519 519
524 524
528 528
533 533
537 537
551 551
555 555
560 560
564 564
569 569
573 573
578 578
582 582
590 590
596 596
600 600
605 605
609 609
614 614
618 618
626 626
641 641
645 645
650 650
654 654
659 659
663 663
677 677
681 681
686 686
690 690
695 695
699 699
704 704
708 708
713 713
717 717
722 722
726 726
731 731
735 735
740 740
744 744
758 758
762 762
767 767
771 771
776 776
780 780
785 785
789 789
794 794
798 798
803 803
807 807
812 812
816 816
821 821
825 825
830 830
834 834
839 839
843 843
848 848
852 852
857 857
861 861
866 866
870 870
875 875
879 879
884 884
888 888
893 893
897 897
906 906
915 915
924 924
933 933
942 942
960 960
969 969
978 978
984 984
996 996
1005 1005
1014 1014
1023 1023
1032 1032
1041 1041
1050 1050
1059 1059
1068 1068
1077 1077
1086 1086
1091 1091
1095 1095
1103 1103
1113 1113
1122 1122
1139 1139
1148 1148
1163 1163
1167 1167
1176 1176
1185 1185
1194 1194
1203 1203
1212 1212
1221 1221
1227 1227
133 133
134 134
145 145
146 146
157 157
158 158
169 169
170 170
179 179
181 181
182 182
193 193
194 194
205 205
217 217
218 218
229 229
230 230
235 235
241 241
242 242
253 253
254 254
265 265
266 266
289 289
290 290
313 313
314 314
325 325
326 326
337 337
338 338
373 373
374 374
385 385
386 386
409 409
410 410
421 421
422 422
433 433
434 434
457 457
458 458
469 469
470 470
481 481
482 482
491 491
492 492
505 505
506 506
38 38
191 191
215 215
635 635
752 752
165 165
166 166
413 413
459 459
544 544
546 546
630 630
747 747
951 951
987 987
1129 1129
14 14
26 26
104 104
114 114
255 255
256 256
257 257
259 259
260 260
261 261
262 262
263 263
267 267
268 268
269 269
270 270
271 271
272 272
273 273
274 274
275 275
277 277
279 279
280 280
281 281
283 283
284 284
285 285
286 286
287 287
291 291
292 292
295 295
296 296
297 297
298 298
299 299
303 303
304 304
305 305
307 307
308 308
309 309
310 310
311 311
315 315
316 316
317 317
318 318
319 319
320 320
321 321
322 322
323 323
327 327
328 328
329 329
331 331
332 332
333 333
334 334
335 335
339 339
340 340
341 341
342 342
343 343
344 344
345 345
346 346
347 347
351 351
352 352
353 353
355 355
356 356
357 357
358 358
359 359
361 361
362 362
363 363
364 364
365 365
366 366
367 367
368 368
369 369
370 370
371 371
375 375
376 376
377 377
379 379
380 380
381 381
382 382
383 383
384 384
387 387
388 388
389 389
390 390
391 391
392 392
393 393
394 394
395 395
399 399
400 400
401 401
403 403
404 404
405 405
406 406
407 407
411 411
412 412
414 414
415 415
416 416
420 420
423 423
424 424
425 425
427 427
428 428
429 429
430 430
431 431
435 435
436 436
437 437
438 438
439 439
440 440
441 441
442 442
443 443
448 448
449 449
451 451
452 452
453 453
454 454
455 455
460 460
461 461
462 462
463 463
464 464
465 465
466 466
467 467
471 471
472 472
474 474
475 475
476 476
477 477
478 478
479 479
480 480
483 483
484 484
485 485
486 486
487 487
488 488
489 489
490 490
495 495
496 496
497 497
498 498
499 499
500 500
501 501
502 502
503 503
504 504
507 507
508 508
509 509
510 510
538 538
540 540
542 542
632 632
634 634
636 636
718 718
749 749
751 751
753 753
1127 1127
1158 1158
31 31
33 33
34 34
37 37
40 40
43 43
46 46
51 51
52 52
55 55
58 58
59 59
62 62
66 66
72 72
78 78
82 82
84 84
89 89
90 90
95 95
96 96
102 102
107 107
108 108
117 117
127 127
128 128
129 129
130 130
132 132
135 135
136 136
139 139
140 140
141 141
142 142
143 143
144 144
147 147
148 148
150 150
151 151
152 152
153 153
154 154
155 155
159 159
160 160
162 162
163 163
164 164
168 168
171 171
172 172
174 174
175 175
176 176
177 177
178 178
183 183
184 184
186 186
187 187
188 188
189 189
190 190
195 195
196 196
198 198
199 199
201 201
202 202
203 203
207 207
211 211
212 212
213 213
214 214
219 219
220 220
222 222
223 223
224 224
225 225
226 226
228 228
231 231
232 232
234 234
236 236
237 237
238 238
239 239
240 240
243 243
244 244
246 246
247 247
248 248
249 249
250 250
251 251
252 252
432 432
1124 1124
1128 1128
1228 1228
36 36
39 39
42 42
45 45
48 48
49 49
54 54
57 57
60 60
61 61
63 63
64 64
65 65
67 67
68 68
69 69
70 70
71 71
73 73
74 74
75 75
76 76
77 77
79 79
80 80
81 81
83 83
85 85
86 86
87 87
88 88
91 91
92 92
93 93
94 94
97 97
98 98
99 99
100 100
101 101
103 103
105 105
106 106
109 109
110 110
111 111
112 112
113 113
115 115
116 116
118 118
119 119
120 120
121 121
122 122
123 123
124 124
125 125
126 126
131 131
137 137
138 138
149 149
161 161
167 167
173 173
185 185
197 197
200 200
208 208
209 209
221 221
227 227
233 233
245 245
258 258
264 264
276 276
278 278
282 282
288 288
293 293
294 294
300 300
306 306
312 312
324 324
330 330
336 336
348 348
354 354
360 360
372 372
378 378
396 396
402 402
408 408
417 417
418 418
419 419
426 426
444 444
447 447
450 450
456 456
468 468
473 473
1123 1123
1125 1125
1131 1131
# 12 2 target:0 c+:76 c-:249 score:129.15111782620443 score+:150.98308441961467 score-:435.11554363726447 nb:2 =l_2c_17 l_2c_0 
35 35
156 156
204 204
210 210
543 543
1130 1130
519 519
528 528
537 537
555 555
564 564
573 573
582 582
600 600
609 609
618 618
645 645
654 654
663 663
681 681
690 690
699 699
708 708
717 717
726 726
735 735
744 744
762 762
771 771
780 780
789 789
798 798
807 807
816 816
825 825
834 834
843 843
852 852
861 861
870 870
879 879
888 888
897 897
906 906
915 915
924 924
933 933
942 942
960 960
969 969
978 978
996 996
1005 1005
1014 1014
1023 1023
1032 1032
1041 1041
1050 1050
1059 1059
1068 1068
1077 1077
1086 1086
1095 1095
1113 1113
1122 1122
1167 1167
1176 1176
1185 1185
1194 1194
1203 1203
1212 1212
1221 1221
47 47
50 50
53 53
192 192
216 216
781 781
1126 1126
235 235
2 2
5 5
8 8
17 17
20 20
23 23
29 29
38 38
191 191
215 215
539 539
583 583
635 635
752 752
985 985
459 459
1129 1129
14 14
26 26
255 255
256 256
259 259
260 260
261 261
262 262
267 267
268 268
270 270
271 271
272 272
273 273
274 274
279 279
280 280
283 283
284 284
285 285
286 286
291 291
292 292
303 303
304 304
307 307
308 308
309 309
310 310
315 315
316 316
318 318
319 319
320 320
321 321
322 322
327 327
328 328
331 331
332 332
333 333
334 334
339 339
340 340
342 342
351 351
352 352
355 355
356 356
357 357
358 358
363 363
364 364
366 366
367 367
368 368
369 369
370 370
375 375
376 376
379 379
380 380
381 381
382 382
384 384
387 387
388 388
390 390
411 411
412 412
414 414
420 420
423 423
424 424
427 427
428 428
429 429
430 430
435 435
436 436
438 438
451 451
452 452
453 453
454 454
462 462
463 463
464 464
465 465
466 466
471 471
472 472
474 474
475 475
476 476
477 477
478 478
483 483
484 484
485 485
486 486
495 495
496 496
497 497
498 498
499 499
500 500
501 501
502 502
507 507
508 508
509 509
510 510
538 538
540 540
634 634
636 636
718 718
751 751
753 753
1158 1158
33 33
34 34
37 37
41 41
46 46
51 51
52 52
58 58
78 78
90 90
102 102
127 127
128 128
139 139
140 140
143 143
151 151
152 152
155 155
163 163
164 164
175 175
176 176
187 187
188 188
199 199
203 203
207 207
211 211
212 212
223 223
224 224
236 236
239 239
251 251
432 432
1124 1124
1128 1128
1228 1228
36 36
39 39
42 42
45 45
48 48
49 49
54 54
57 57
60 60
65 65
68 68
75 75
77 77
81 81
83 83
101 101
111 111
113 113
126 126
131 131
137 137
138 138
149 149
161 161
167 167
173 173
185 185
197 197
200 200
208 208
209 209
221 221
227 227
233 233
245 245
258 258
264 264
276 276
278 278
282 282
288 288
294 294
300 300
306 306
312 312
324 324
330 330
336 336
348 348
354 354
360 360
372 372
378 378
396 396
402 402
408 408
418 418
419 419
426 426
444 444
447 447
450 450
456 456
468 468
473 473
1123 1123
1125 1125
1131 1131
# 13 3 target:0 c+:10 c-:255 score:39.38928933820657 score+:19.97477321722911 score-:177.53193057005538 nb:5 =l_2c_16 l_2c_11 l_2c_3 l_2c_9 l_2c_18 
35 35
156 156
204 204
210 210
543 543
1130 1130
32 32
44 44
56 56
180 180
206 206
301 301
302 302
349 349
350 350
397 397
398 398
445 445
446 446
493 493
494 494
545 545
633 633
750 750
948 948
949 949
950 950
981 981
47 47
50 50
53 53
192 192
216 216
748 748
133 133
134 134
145 145
146 146
157 157
158 158
169 169
170 170
179 179
181 181
182 182
193 193
194 194
205 205
217 217
218 218
229 229
230 230
235 235
241 241
242 242
253 253
254 254
265 265
266 266
289 289
290 290
313 313
314 314
325 325
326 326
337 337
338 338
373 373
374 374
385 385
386 386
409 409
410 410
421 421
422 422
433 433
434 434
457 457
458 458
469 469
470 470
481 481
482 482
491 491
492 492
505 505
506 506
38 38
191 191
215 215
752 752
165 165
166 166
413 413
104 104
255 255
256 256
257 257
259 259
260 260
261 261
262 262
263 263
267 267
268 268
269 269
271 271
272 272
273 273
274 274
275 275
277 277
279 279
280 280
281 281
283 283
284 284
285 285
286 286
287 287
291 291
292 292
295 295
296 296
297 297
298 298
299 299
303 303
304 304
305 305
307 307
308 308
309 309
310 310
311 311
315 315
316 316
317 317
319 319
320 320
321 321
322 322
323 323
327 327
328 328
329 329
331 331
332 332
333 333
334 334
335 335
339 339
340 340
341 341
343 343
344 344
345 345
346 346
347 347
351 351
352 352
353 353
355 355
356 356
357 357
358 358
359 359
361 361
362 362
363 363
364 364
365 365
367 367
368 368
369 369
370 370
371 371
375 375
376 376
377 377
379 379
380 380
381 381
382 382
383 383
387 387
388 388
389 389
391 391
392 392
393 393
394 394
395 395
399 399
400 400
401 401
403 403
404 404
405 405
406 406
407 407
411 411
412 412
415 415
416 416
423 423
424 424
425 425
427 427
428 428
429 429
430 430
431 431
435 435
436 436
437 437
439 439
440 440
441 441
442 442
443 443
448 448
449 449
451 451
452 452
453 453
454 454
455 455
460 460
461 461
463 463
464 464
465 465
466 466
467 467
471 471
472 472
475 475
476 476
477 477
478 478
479 479
480 480
483 483
484 484
485 485
486 486
487 487
488 488
489 489
490 490
495 495
496 496
497 497
498 498
499 499
500 500
501 501
502 502
503 503
504 504
507 507
508 508
509 509
510 510
# 14 4 target:0 c+:10 c-:137 score:36.155287383298166 score+:23.28420956922377 score-:167.90535910241644 nb:5 =l_2c_16 l_2c_11 l_2c_3 l_2c_5 l_2c_19 
35 35
156 156
204 204
210 210
543 543
1130 1130
32 32
44 44
56 56
180 180
206 206
301 301
302 302
349 349
350 350
397 397
398 398
445 445
446 446
493 493
494 494
545 545
633 633
750 750
948 948
949 949
950 950
981 981
47 47
50 50
53 53
192 192
216 216
748 748
133 133
134 134
145 145
146 146
157 157
158 158
169 169
170 170
179 179
181 181
182 182
193 193
194 194
205 205
217 217
218 218
229 229
230 230
235 235
241 241
242 242
253 253
254 254
265 265
266 266
289 289
290 290
313 313
314 314
325 325
326 326
337 337
338 338
373 373
374 374
385 385
386 386
409 409
410 410
421 421
422 422
433 433
434 434
457 457
458 458
469 469
470 470
481 481
482 482
491 491
492 492
505 505
506 506
38 38
191 191
215 215
752 752
31 31
33 33
34 34
37 37
40 40
41 41
43 43
46 46
51 51
52 52
55 55
58 58
59 59
62 62
89 89
127 127
132 132
139 139
144 144
150 150
151 151
153 153
154 154
162 162
163 163
168 168
174 174
175 175
186 186
187 187
198 198
207 207
211 211
222 222
223 223
224 224
228 228
234 234
236 236
240 240
246 246
247 247
248 248
249 249
250 250
251 251
252 252
1124 1124
1128 1128
39 39
45 45
57 57
61 61
138 138
209 209
278 278
# 15 5 target:0 c+:2 c-:186 score:16.810024280844505 score+:2.675541570175147 score-:49.74360955653977 nb:3 =l_2c_17 l_2c_3 l_2c_7 
35 35
156 156
204 204
210 210
543 543
1130 1130
47 47
50 50
53 53
192 192
216 216
748 748
235 235
38 38
191 191
215 215
255 255
256 256
259 259
260 260
261 261
262 262
267 267
268 268
271 271
272 272
273 273
274 274
279 279
280 280
283 283
284 284
285 285
286 286
291 291
292 292
303 303
304 304
307 307
308 308
309 309
310 310
315 315
316 316
319 319
320 320
321 321
322 322
327 327
328 328
331 331
332 332
333 333
334 334
339 339
340 340
351 351
352 352
355 355
356 356
357 357
358 358
363 363
364 364
367 367
368 368
369 369
370 370
375 375
376 376
379 379
380 380
381 381
382 382
387 387
388 388
411 411
412 412
423 423
424 424
427 427
428 428
429 429
430 430
435 435
436 436
451 451
452 452
453 453
454 454
463 463
464 464
465 465
466 466
471 471
472 472
475 475
476 476
477 477
478 478
483 483
484 484
485 485
486 486
495 495
496 496
497 497
498 498
499 499
500 500
501 501
502 502
507 507
508 508
509 509
510 510
33 33
34 34
37 37
41 41
46 46
51 51
52 52
58 58
78 78
90 90
102 102
127 127
128 128
139 139
140 140
143 143
151 151
152 152
155 155
163 163
164 164
175 175
176 176
187 187
188 188
199 199
203 203
207 207
211 211
212 212
223 223
224 224
239 239
251 251
1128 1128
36 36
39 39
42 42
45 45
48 48
49 49
54 54
57 57
60 60
65 65
68 68
75 75
77 77
81 81
83 83
101 101
111 111
113 113
126 126
131 131
137 137
138 138
149 149
161 161
167 167
173 173
185 185
197 197
200 200
208 208
221 221
227 227
233 233
245 245
419 419
1125 1125
1131 1131
# 16 6 target:0 c+:9 c-:421 score:10.795961952789558 score+:36.06287600633566 score-:98.67945533251509 nb:8 =l_2c_16 l_2c_11 l_2c_1 l_2c_7 l_2c_8 l_2c_10 l_2c_2 l_2c_0 
35 35
156 156
204 204
210 210
543 543
1130 1130
32 32
44 44
56 56
180 180
206 206
301 301
302 302
349 349
350 350
397 397
398 398
445 445
446 446
493 493
494 494
545 545
633 633
750 750
948 948
949 949
950 950
981 981
47 47
50 50
53 53
192 192
216 216
1126 1126
133 133
134 134
145 145
146 146
157 157
158 158
169 169
170 170
179 179
181 181
182 182
193 193
194 194
205 205
217 217
218 218
229 229
230 230
235 235
241 241
242 242
253 253
254 254
265 265
266 266
289 289
290 290
313 313
314 314
325 325
326 326
337 337
338 338
373 373
374 374
385 385
386 386
409 409
410 410
421 421
422 422
433 433
434 434
457 457
458 458
469 469
470 470
481 481
482 482
491 491
492 492
505 505
506 506
38 38
191 191
215 215
165 165
166 166
413 413
104 104
255 255
256 256
257 257
259 259
260 260
261 261
262 262
263 263
267 267
268 268
269 269
271 271
272 272
273 273
274 274
275 275
277 277
279 279
280 280
281 281
283 283
284 284
285 285
286 286
287 287
291 291
292 292
295 295
296 296
297 297
298 298
299 299
303 303
304 304
305 305
307 307
308 308
309 309
310 310
311 311
315 315
316 316
317 317
319 319
320 320
321 321
322 322
323 323
327 327
328 328
329 329
331 331
332 332
333 333
334 334
335 335
339 339
340 340
341 341
343 343
344 344
345 345
346 346
347 347
351 351
352 352
353 353
355 355
356 356
357 357
358 358
359 359
361 361
362 362
363 363
364 364
365 365
367 367
368 368
369 369
370 370
371 371
375 375
376 376
377 377
379 379
380 380
381 381
382 382
383 383
387 387
388 388
389 389
391 391
392 392
393 393
394 394
395 395
399 399
400 400
401 401
403 403
404 404
405 405
406 406
407 407
411 411
412 412
415 415
416 416
423 423
424 424
425 425
427 427
428 428
429 429
430 430
431 431
435 435
436 436
437 437
439 439
440 440
441 441
442 442
443 443
448 448
449 449
451 451
452 452
453 453
454 454
455 455
460 460
461 461
463 463
464 464
465 465
466 466
467 467
471 471
472 472
475 475
476 476
477 477
478 478
479 479
480 480
483 483
484 484
485 485
486 486
487 487
488 488
489 489
490 490
495 495
496 496
497 497
498 498
499 499
500 500
501 501
502 502
503 503
504 504
507 507
508 508
509 509
510 510
31 31
33 33
34 34
37 37
40 40
41 41
43 43
46 46
51 51
52 52
55 55
58 58
59 59
62 62
82 82
89 89
95 95
107 107
127 127
128 128
129 129
130 130
132 132
135 135
136 136
139 139
140 140
141 141
142 142
143 143
144 144
147 147
148 148
150 150
151 151
152 152
153 153
154 154
155 155
159 159
160 160
162 162
163 163
164 164
168 168
171 171
172 172
174 174
175 175
176 176
177 177
178 178
183 183
184 184
186 186
187 187
188 188
189 189
190 190
195 195
196 196
198 198
199 199
201 201
202 202
203 203
207 207
211 211
212 212
213 213
214 214
219 219
220 220
222 222
223 223
224 224
225 225
226 226
228 228
231 231
232 232
234 234
237 237
238 238
239 239
240 240
243 243
244 244
246 246
247 247
248 248
249 249
250 250
251 251
252 252
36 36
39 39
42 42
45 45
48 48
49 49
54 54
57 57
60 60
61 61
63 63
64 64
65 65
67 67
69 69
70 70
71 71
73 73
74 74
75 75
76 76
77 77
79 79
80 80
83 83
85 85
86 86
87 87
88 88
91 91
92 92
93 93
94 94
97 97
98 98
99 99
100 100
101 101
103 103
105 105
106 106
109 109
110 110
112 112
113 113
115 115
116 116
118 118
119 119
121 121
122 122
123 123
124 124
125 125
131 131
137 137
138 138
149 149
161 161
167 167
173 173
185 185
197 197
200 200
208 208
221 221
227 227
233 233
245 245
293 293
417 417
# 17 7 target:0 c+:10 c-:176 score:10.617229883926779 score+:20.801901721159915 score-:63.27082125686703 nb:5 =l_2c_16 l_2c_11 l_2c_0 l_2c_19 l_2c_18 
35 35
156 156
204 204
210 210
543 543
1130 1130
32 32
44 44
56 56
180 180
206 206
301 301
302 302
349 349
350 350
397 397
398 398
445 445
446 446
493 493
494 494
545 545
633 633
750 750
948 948
949 949
950 950
981 981
47 47
50 50
53 53
192 192
216 216
1126 1126
133 133
134 134
145 145
146 146
157 157
158 158
169 169
170 170
179 179
181 181
182 182
193 193
194 194
205 205
217 217
218 218
229 229
230 230
235 235
241 241
242 242
253 253
254 254
265 265
266 266
289 289
290 290
313 313
314 314
325 325
326 326
337 337
338 338
373 373
374 374
385 385
386 386
409 409
410 410
421 421
422 422
433 433
434 434
457 457
458 458
469 469
470 470
481 481
482 482
491 491
492 492
505 505
506 506
38 38
191 191
215 215
752 752
165 165
166 166
413 413
31 31
33 33
34 34
37 37
40 40
41 41
43 43
46 46
51 51
52 52
55 55
58 58
59 59
62 62
89 89
127 127
128 128
129 129
130 130
132 132
135 135
136 136
139 139
140 140
141 141
142 142
144 144
147 147
148 148
150 150
151 151
152 152
153 153
154 154
159 159
160 160
162 162
163 163
164 164
168 168
171 171
172 172
174 174
175 175
176 176
177 177
178 178
183 183
184 184
186 186
187 187
188 188
189 189
190 190
195 195
196 196
198 198
199 199
201 201
202 202
207 207
211 211
212 212
213 213
214 214
219 219
220 220
222 222
223 223
224 224
225 225
226 226
228 228
231 231
232 232
234 234
236 236
237 237
238 238
239 239
240 240
243 243
244 244
246 246
247 247
248 248
249 249
250 250
251 251
252 252
1124 1124
1128 1128
# 18 8 target:0 c+:8 c-:156 score:5.265397222426536 score+:52.19290637905438 score-:101.6876402698638 nb:14 =l_2c_15 l_2c_11 l_2c_16 l_2c_4 l_2c_7 l_2c_8 l_2c_2 l_2c_10 l_2c_1 l_2c_6 l_2c_3 l_2c_0 l_2c_12 l_2c_18 
35 35
156 156
204 204
210 210
543 543
1130 1130
32 32
44 44
56 56
180 180
206 206
301 301
302 302
349 349
350 350
397 397
398 398
445 445
446 446
493 493
494 494
545 545
633 633
750 750
948 948
949 949
950 950
981 981
47 47
50 50
53 53
192 192
216 216
133 133
134 134
145 145
146 146
157 157
158 158
169 169
170 170
179 179
181 181
182 182
193 193
194 194
205 205
217 217
218 218
229 229
230 230
235 235
241 241
242 242
253 253
254 254
265 265
266 266
289 289
290 290
313 313
314 314
325 325
326 326
337 337
338 338
373 373
374 374
385 385
386 386
409 409
410 410
421 421
422 422
433 433
434 434
457 457
458 458
469 469
470 470
481 481
482 482
491 491
492 492
505 505
506 506
165 165
166 166
413 413
104 104
257 257
263 263
269 269
275 275
277 277
281 281
287 287
295 295
296 296
297 297
298 298
299 299
305 305
311 311
317 317
323 323
329 329
335 335
341 341
343 343
344 344
345 345
346 346
347 347
353 353
359 359
361 361
362 362
365 365
371 371
377 377
383 383
389 389
391 391
392 392
393 393
394 394
395 395
399 399
400 400
401 401
403 403
404 404
405 405
406 406
407 407
415 415
416 416
425 425
431 431
437 437
439 439
440 440
441 441
442 442
443 443
448 448
449 449
455 455
460 460
461 461
467 467
479 479
480 480
487 487
488 488
489 489
490 490
503 503
504 504
40 40
41 41
59 59
89 89
# 19 0 target:1 c+:711 c-:34 score:645.1456754108502 score+:2673.59355162269 score-:93.0108499792889 nb:5 =l_2c_13 l_2c_18 l_2c_5 l_2c_19 l_2c_9 
35 35
156 156
204 204
210 210
543 543
1130 1130
32 32
44 44
56 56
180 180
206 206
301 301
302 302
349 349
350 350
397 397
398 398
445 445
446 446
493 493
494 494
516 516
518 518
525 525
527 527
534 534
536 536
545 545
552 552
554 554
561 561
563 563
570 570
572 572
579 579
581 581
597 597
599 599
606 606
608 608
615 615
617 617
633 633
642 642
644 644
651 651
653 653
660 660
662 662
678 678
680 680
687 687
689 689
696 696
698 698
705 705
707 707
714 714
716 716
723 723
725 725
732 732
734 734
741 741
743 743
750 750
759 759
761 761
768 768
770 770
777 777
779 779
786 786
788 788
795 795
797 797
804 804
806 806
813 813
815 815
822 822
824 824
831 831
833 833
840 840
842 842
849 849
851 851
858 858
860 860
867 867
869 869
876 876
878 878
885 885
887 887
894 894
896 896
903 903
905 905
912 912
914 914
921 921
923 923
930 930
932 932
939 939
941 941
946 946
948 948
949 949
950 950
957 957
959 959
966 966
968 968
975 975
977 977
981 981
993 993
995 995
1002 1002
1004 1004
1011 1011
1013 1013
1020 1020
1022 1022
1029 1029
1031 1031
1038 1038
1040 1040
1047 1047
1049 1049
1056 1056
1058 1058
1065 1065
1067 1067
1074 1074
1076 1076
1083 1083
1085 1085
1092 1092
1094 1094
1110 1110
1112 1112
1119 1119
1121 1121
1164 1164
1166 1166
1173 1173
1175 1175
1182 1182
1184 1184
1191 1191
1193 1193
1200 1200
1202 1202
1209 1209
1211 1211
1218 1218
1220 1220
980 980
947 947
515 515
519 519
524 524
528 528
533 533
537 537
551 551
555 555
560 560
564 564
569 569
573 573
578 578
582 582
590 590
596 596
600 600
605 605
609 609
614 614
618 618
626 626
641 641
645 645
650 650
654 654
659 659
663 663
677 677
681 681
686 686
690 690
695 695
699 699
704 704
708 708
713 713
717 717
722 722
726 726
731 731
735 735
740 740
744 744
758 758
762 762
767 767
771 771
776 776
780 780
785 785
789 789
794 794
798 798
803 803
807 807
812 812
816 816
821 821
825 825
830 830
834 834
839 839
843 843
848 848
852 852
857 857
861 861
866 866
870 870
875 875
879 879
884 884
888 888
893 893
897 897
906 906
915 915
924 924
933 933
942 942
960 960
969 969
978 978
984 984
996 996
1005 1005
1014 1014
1023 1023
1032 1032
1041 1041
1050 1050
1059 1059
1068 1068
1077 1077
1086 1086
1091 1091
1095 1095
1103 1103
1113 1113
1122 1122
1139 1139
1148 1148
1163 1163
1167 1167
1176 1176
1185 1185
1194 1194
1203 1203
1212 1212
1221 1221
1227 1227
47 47
50 50
53 53
192 192
216 216
512 512
513 513
514 514
517 517
521 521
522 522
523 523
526 526
530 530
531 531
532 532
535 535
541 541
547 547
548 548
549 549
550 550
553 553
557 557
558 558
559 559
562 562
566 566
567 567
568 568
571 571
575 575
576 576
577 577
580 580
584 584
586 586
587 587
588 588
589 589
591 591
593 593
594 594
595 595
598 598
602 602
603 603
604 604
607 607
610 610
611 611
612 612
613 613
616 616
619 619
620 620
622 622
623 623
624 624
625 625
627 627
628 628
629 629
631 631
637 637
638 638
639 639
640 640
643 643
646 646
647 647
648 648
649 649
652 652
655 655
656 656
657 657
658 658
661 661
664 664
665 665
666 666
667 667
668 668
669 669
670 670
671 671
673 673
674 674
675 675
676 676
679 679
682 682
683 683
684 684
685 685
688 688
691 691
692 692
693 693
694 694
697 697
700 700
701 701
702 702
703 703
706 706
709 709
710 710
711 711
712 712
715 715
719 719
720 720
721 721
724 724
727 727
728 728
729 729
730 730
733 733
736 736
737 737
738 738
739 739
742 742
745 745
746 746
748 748
754 754
755 755
756 756
757 757
760 760
763 763
764 764
765 765
766 766
769 769
772 772
773 773
774 774
775 775
778 778
781 781
782 782
783 783
784 784
787 787
790 790
791 791
792 792
793 793
796 796
799 799
800 800
801 801
802 802
805 805
808 808
809 809
810 810
811 811
814 814
817 817
818 818
819 819
820 820
823 823
826 826
827 827
828 828
829 829
832 832
835 835
836 836
837 837
838 838
841 841
844 844
845 845
846 846
847 847
850 850
853 853
854 854
855 855
856 856
859 859
862 862
863 863
864 864
865 865
868 868
871 871
872 872
873 873
874 874
877 877
880 880
881 881
882 882
883 883
886 886
889 889
890 890
891 891
892 892
895 895
899 899
900 900
901 901
902 902
904 904
908 908
909 909
910 910
911 911
913 913
917 917
918 918
919 919
920 920
922 922
926 926
927 927
928 928
929 929
931 931
935 935
936 936
937 937
938 938
940 940
944 944
945 945
953 953
954 954
955 955
956 956
958 958
962 962
963 963
964 964
965 965
967 967
971 971
972 972
973 973
974 974
976 976
979 979
982 982
983 983
986 986
989 989
990 990
991 991
992 992
994 994
998 998
999 999
1000 1000
1001 1001
1003 1003
1007 1007
1008 1008
1009 1009
1010 1010
1012 1012
1016 1016
1017 1017
1018 1018
1019 1019
1021 1021
1025 1025
1026 1026
1027 1027
1028 1028
1030 1030
1034 1034
1035 1035
1036 1036
1037 1037
1039 1039
1043 1043
1044 1044
1045 1045
1046 1046
1048 1048
1052 1052
1053 1053
1054 1054
1055 1055
1057 1057
1061 1061
1062 1062
1063 1063
1064 1064
1066 1066
1070 1070
1071 1071
1072 1072
1073 1073
1075 1075
1079 1079
1080 1080
1081 1081
1082 1082
1084 1084
1088 1088
1089 1089
1090 1090
1093 1093
1097 1097
1099 1099
1100 1100
1101 1101
1102 1102
1104 1104
1106 1106
1107 1107
1108 1108
1109 1109
1111 1111
1115 1115
1116 1116
1117 1117
1118 1118
1120 1120
1126 1126
1133 1133
1135 1135
1136 1136
1137 1137
1138 1138
1140 1140
1142 1142
1144 1144
1145 1145
1146 1146
1147 1147
1149 1149
1151 1151
1152 1152
1153 1153
1154 1154
1155 1155
1156 1156
1157 1157
1160 1160
1161 1161
1162 1162
1165 1165
1169 1169
1170 1170
1171 1171
1172 1172
1174 1174
1178 1178
1179 1179
1180 1180
1181 1181
1183 1183
1187 1187
1188 1188
1189 1189
1190 1190
1192 1192
1196 1196
1197 1197
1198 1198
1199 1199
1201 1201
1205 1205
1206 1206
1207 1207
1208 1208
1210 1210
1214 1214
1215 1215
1216 1216
1217 1217
1219 1219
1223 1223
1224 1224
1225 1225
1226 1226
1229 1229
1230 1230
0 0
1 1
2 2
3 3
4 4
5 5
7 7
8 8
9 9
10 10
11 11
13 13
15 15
16 16
17 17
19 19
20 20
21 21
22 22
23 23
24 24
25 25
27 27
28 28
29 29
38 38
511 511
520 520
529 529
539 539
556 556
565 565
574 574
583 583
585 585
592 592
601 601
621 621
635 635
672 672
752 752
898 898
907 907
916 916
925 925
934 934
943 943
952 952
961 961
970 970
985 985
988 988
997 997
1006 1006
1015 1015
1024 1024
1033 1033
1042 1042
1051 1051
1060 1060
1069 1069
1078 1078
1087 1087
1096 1096
1098 1098
1105 1105
1114 1114
1132 1132
1134 1134
1141 1141
1143 1143
1150 1150
1159 1159
1168 1168
1177 1177
1186 1186
1195 1195
1204 1204
1213 1213
1222 1222
# 20 1 target:1 c+:354 c-:17 score:234.6079945715397 score+:692.8851538856313 score-:35.98276908532013 nb:3 =l_2c_17 l_2c_12 l_2c_18 
35 35
156 156
204 204
210 210
543 543
1130 1130
519 519
528 528
537 537
555 555
564 564
573 573
582 582
600 600
609 609
618 618
645 645
654 654
663 663
681 681
690 690
699 699
708 708
717 717
726 726
735 735
744 744
762 762
771 771
780 780
789 789
798 798
807 807
816 816
825 825
834 834
843 843
852 852
861 861
870 870
879 879
888 888
897 897
906 906
915 915
924 924
933 933
942 942
960 960
969 969
978 978
996 996
1005 1005
1014 1014
1023 1023
1032 1032
1041 1041
1050 1050
1059 1059
1068 1068
1077 1077
1086 1086
1095 1095
1113 1113
1122 1122
1167 1167
1176 1176
1185 1185
1194 1194
1203 1203
1212 1212
1221 1221
47 47
50 50
53 53
192 192
216 216
512 512
513 513
514 514
517 517
521 521
522 522
523 523
526 526
530 530
531 531
532 532
535 535
541 541
547 547
548 548
549 549
550 550
553 553
557 557
558 558
559 559
562 562
566 566
567 567
568 568
571 571
575 575
576 576
577 577
580 580
584 584
586 586
587 587
588 588
589 589
591 591
593 593
594 594
595 595
598 598
602 602
603 603
604 604
607 607
611 611
612 612
613 613
616 616
619 619
620 620
622 622
623 623
624 624
625 625
627 627
629 629
631 631
638 638
639 639
640 640
643 643
647 647
648 648
649 649
652 652
656 656
657 657
658 658
661 661
664 664
665 665
666 666
667 667
668 668
669 669
670 670
671 671
674 674
675 675
676 676
679 679
683 683
684 684
685 685
688 688
692 692
693 693
694 694
697 697
701 701
702 702
703 703
706 706
709 709
710 710
711 711
712 712
715 715
719 719
720 720
721 721
724 724
727 727
728 728
729 729
730 730
733 733
736 736
737 737
738 738
739 739
742 742
746 746
748 748
754 754
755 755
756 756
757 757
760 760
763 763
764 764
765 765
766 766
769 769
772 772
773 773
774 774
775 775
778 778
781 781
782 782
783 783
784 784
787 787
790 790
791 791
792 792
793 793
796 796
799 799
800 800
801 801
802 802
805 805
808 808
809 809
810 810
811 811
814 814
817 817
818 818
819 819
820 820
823 823
826 826
827 827
828 828
829 829
832 832
835 835
836 836
837 837
838 838
841 841
844 844
845 845
846 846
847 847
850 850
853 853
854 854
855 855
856 856
859 859
862 862
863 863
864 864
865 865
868 868
871 871
872 872
873 873
874 874
877 877
880 880
881 881
882 882
883 883
886 886
889 889
890 890
891 891
892 892
895 895
900 900
904 904
909 909
913 913
918 918
922 922
927 927
931 931
936 936
940 940
944 944
945 945
954 954
958 958
963 963
967 967
972 972
976 976
979 979
982 982
986 986
990 990
994 994
999 999
1003 1003
1008 1008
1012 1012
1017 1017
1021 1021
1026 1026
1030 1030
1035 1035
1039 1039
1044 1044
1048 1048
1053 1053
1057 1057
1062 1062
1066 1066
1071 1071
1075 1075
1080 1080
1084 1084
1088 1088
1089 1089
1090 1090
1093 1093
1097 1097
1100 1100
1101 1101
1102 1102
1104 1104
1107 1107
1111 1111
1116 1116
1120 1120
1126 1126
1133 1133
1135 1135
1136 1136
1137 1137
1138 1138
1140 1140
1145 1145
1147 1147
1149 1149
1152 1152
1154 1154
1155 1155
1156 1156
1157 1157
1160 1160
1161 1161
1162 1162
1165 1165
1170 1170
1174 1174
1179 1179
1183 1183
1188 1188
1192 1192
1197 1197
1201 1201
1206 1206
1210 1210
1215 1215
1219 1219
1224 1224
1225 1225
1226 1226
1229 1229
1230 1230
235 235
1129 1129
420 420
474 474
540 540
634 634
751 751
41 41
# 21 2 target:1 c+:216 c-:26 score:97.10679721686752 score+:457.15580423659844 score-:68.72861536912838 nb:5 =l_2c_3 l_2c_0 l_2c_14 l_2c_13 l_2c_18 
35 35
156 156
204 204
210 210
543 543
1130 1130
32 32
44 44
56 56
180 180
206 206
301 301
302 302
349 349
350 350
397 397
398 398
445 445
446 446
493 493
494 494
516 516
518 518
525 525
527 527
534 534
536 536
545 545
552 552
554 554
561 561
563 563
570 570
572 572
579 579
581 581
597 597
599 599
606 606
608 608
615 615
617 617
633 633
642 642
644 644
651 651
653 653
660 660
662 662
678 678
680 680
687 687
689 689
696 696
698 698
705 705
707 707
714 714
716 716
723 723
725 725
732 732
734 734
741 741
743 743
750 750
759 759
761 761
768 768
770 770
777 777
779 779
786 786
788 788
795 795
797 797
804 804
806 806
813 813
815 815
822 822
824 824
831 831
833 833
840 840
842 842
849 849
851 851
858 858
860 860
867 867
869 869
876 876
878 878
885 885
887 887
894 894
896 896
903 903
905 905
912 912
914 914
921 921
923 923
930 930
932 932
939 939
941 941
946 946
948 948
949 949
950 950
957 957
959 959
966 966
968 968
975 975
977 977
981 981
993 993
995 995
1002 1002
1004 1004
1011 1011
1013 1013
1020 1020
1022 1022
1029 1029
1031 1031
1038 1038
1040 1040
1047 1047
1049 1049
1056 1056
1058 1058
1065 1065
1067 1067
1074 1074
1076 1076
1083 1083
1085 1085
1092 1092
1094 1094
1110 1110
1112 1112
1119 1119
1121 1121
1164 1164
1166 1166
1173 1173
1175 1175
1182 1182
1184 1184
1191 1191
1193 1193
1200 1200
1202 1202
1209 1209
1211 1211
1218 1218
1220 1220
980 980
519 519
528 528
537 537
555 555
564 564
573 573
582 582
600 600
609 609
618 618
645 645
654 654
663 663
681 681
690 690
699 699
708 708
717 717
726 726
735 735
744 744
762 762
771 771
780 780
789 789
798 798
807 807
816 816
825 825
834 834
843 843
852 852
861 861
870 870
879 879
888 888
897 897
906 906
915 915
924 924
933 933
942 942
960 960
969 969
978 978
984 984
996 996
1005 1005
1014 1014
1023 1023
1032 1032
1041 1041
1050 1050
1059 1059
1068 1068
1077 1077
1086 1086
1095 1095
1113 1113
1122 1122
1167 1167
1176 1176
1185 1185
1194 1194
1203 1203
1212 1212
1221 1221
38 38
635 635
752 752
546 546
951 951
1129 1129
542 542
632 632
749 749
132 132
144 144
168 168
228 228
# 22 3 target:1 c+:194 c-:26 score:94.83039950938328 score+:1029.0463800995424 score-:194.53886441696972 nb:13 =l_2c_4 l_2c_7 l_2c_6 l_2c_1 l_2c_10 l_2c_11 l_2c_8 l_2c_2 l_2c_13 l_2c_18 l_2c_19 l_2c_5 l_2c_12 
35 35
156 156
204 204
210 210
543 543
1130 1130
32 32
44 44
56 56
180 180
206 206
301 301
302 302
349 349
350 350
397 397
398 398
445 445
446 446
493 493
494 494
516 516
518 518
525 525
527 527
534 534
536 536
545 545
552 552
554 554
561 561
563 563
570 570
572 572
579 579
581 581
597 597
599 599
606 606
608 608
615 615
617 617
633 633
642 642
644 644
651 651
653 653
660 660
662 662
678 678
680 680
687 687
689 689
696 696
698 698
705 705
707 707
714 714
716 716
723 723
725 725
732 732
734 734
741 741
743 743
750 750
759 759
761 761
768 768
770 770
777 777
779 779
786 786
788 788
795 795
797 797
804 804
806 806
813 813
815 815
822 822
824 824
831 831
833 833
840 840
842 842
849 849
851 851
858 858
860 860
867 867
869 869
876 876
878 878
885 885
887 887
894 894
896 896
903 903
905 905
912 912
914 914
921 921
923 923
930 930
932 932
939 939
941 941
946 946
948 948
949 949
950 950
957 957
959 959
966 966
968 968
975 975
977 977
981 981
993 993
995 995
1002 1002
1004 1004
1011 1011
1013 1013
1020 1020
1022 1022
1029 1029
1031 1031
1038 1038
1040 1040
1047 1047
1049 1049
1056 1056
1058 1058
1065 1065
1067 1067
1074 1074
1076 1076
1083 1083
1085 1085
1092 1092
1094 1094
1110 1110
1112 1112
1119 1119
1121 1121
1164 1164
1166 1166
1173 1173
1175 1175
1182 1182
1184 1184
1191 1191
1193 1193
1200 1200
1202 1202
1209 1209
1211 1211
1218 1218
1220 1220
47 47
50 50
53 53
192 192
216 216
541 541
610 610
628 628
631 631
637 637
655 655
673 673
691 691
700 700
710 710
712 712
719 719
721 721
728 728
730 730
737 737
739 739
745 745
746 746
748 748
755 755
757 757
764 764
766 766
773 773
775 775
782 782
784 784
791 791
793 793
800 800
802 802
809 809
811 811
818 818
820 820
827 827
829 829
836 836
838 838
845 845
847 847
854 854
856 856
863 863
865 865
872 872
874 874
881 881
883 883
890 890
892 892
1126 1126
41 41
# 23 4 target:1 c+:649 c-:27 score:47.52745694046235 score+:165.0667281093717 score-:31.9898486760771 nb:3 =l_2c_13 l_2c_18 l_2c_12 
35 35
156 156
204 204
210 210
543 543
1130 1130
32 32
44 44
56 56
180 180
206 206
301 301
302 302
349 349
350 350
397 397
398 398
445 445
446 446
493 493
494 494
516 516
518 518
525 525
527 527
534 534
536 536
545 545
552 552
554 554
561 561
563 563
570 570
572 572
579 579
581 581
597 597
599 599
606 606
608 608
615 615
617 617
633 633
642 642
644 644
651 651
653 653
660 660
662 662
678 678
680 680
687 687
689 689
696 696
698 698
705 705
707 707
714 714
716 716
723 723
725 725
732 732
734 734
741 741
743 743
750 750
759 759
761 761
768 768
770 770
777 777
779 779
786 786
788 788
795 795
797 797
804 804
806 806
813 813
815 815
822 822
824 824
831 831
833 833
840 840
842 842
849 849
851 851
858 858
860 860
867 867
869 869
876 876
878 878
885 885
887 887
894 894
896 896
903 903
905 905
912 912
914 914
921 921
923 923
930 930
932 932
939 939
941 941
946 946
948 948
949 949
950 950
957 957
959 959
966 966
968 968
975 975
977 977
981 981
993 993
995 995
1002 1002
1004 1004
1011 1011
1013 1013
1020 1020
1022 1022
1029 1029
1031 1031
1038 1038
1040 1040
1047 1047
1049 1049
1056 1056
1058 1058
1065 1065
1067 1067
1074 1074
1076 1076
1083 1083
1085 1085
1092 1092
1094 1094
1110 1110
1112 1112
1119 1119
1121 1121
1164 1164
1166 1166
1173 1173
1175 1175
1182 1182
1184 1184
1191 1191
1193 1193
1200 1200
1202 1202
1209 1209
1211 1211
1218 1218
1220 1220
980 980
947 947
515 515
519 519
524 524
528 528
533 533
537 537
551 551
555 555
560 560
564 564
569 569
573 573
578 578
582 582
590 590
596 596
600 600
605 605
609 609
614 614
618 618
626 626
641 641
645 645
650 650
654 654
659 659
663 663
677 677
681 681
686 686
690 690
695 695
699 699
704 704
708 708
713 713
717 717
722 722
726 726
731 731
735 735
740 740
744 744
758 758
762 762
767 767
771 771
776 776
780 780
785 785
789 789
794 794
798 798
803 803
807 807
812 812
816 816
821 821
825 825
830 830
834 834
839 839
843 843
848 848
852 852
857 857
861 861
866 866
870 870
875 875
879 879
884 884
888 888
893 893
897 897
906 906
915 915
924 924
933 933
942 942
960 960
969 969
978 978
984 984
996 996
1005 1005
1014 1014
1023 1023
1032 1032
1041 1041
1050 1050
1059 1059
1068 1068
1077 1077
1086 1086
1091 1091
1095 1095
1103 1103
1113 1113
1122 1122
1139 1139
1148 1148
1163 1163
1167 1167
1176 1176
1185 1185
1194 1194
1203 1203
1212 1212
1221 1221
1227 1227
47 47
50 50
53 53
192 192
216 216
512 512
513 513
514 514
517 517
521 521
522 522
523 523
526 526
530 530
531 531
532 532
535 535
541 541
547 547
548 548
549 549
550 550
553 553
557 557
558 558
559 559
562 562
566 566
567 567
568 568
571 571
575 575
576 576
577 577
580 580
584 584
586 586
587 587
588 588
589 589
591 591
593 593
594 594
595 595
598 598
602 602
603 603
604 604
607 607
610 610
611 611
612 612
613 613
616 616
619 619
620 620
622 622
623 623
624 624
625 625
627 627
628 628
629 629
631 631
637 637
638 638
639 639
640 640
643 643
646 646
647 647
648 648
649 649
652 652
655 655
656 656
657 657
658 658
661 661
664 664
665 665
666 666
667 667
668 668
669 669
670 670
671 671
673 673
674 674
675 675
676 676
679 679
682 682
683 683
684 684
685 685
688 688
691 691
692 692
693 693
694 694
697 697
700 700
701 701
702 702
703 703
706 706
709 709
710 710
711 711
712 712
715 715
719 719
720 720
721 721
724 724
727 727
728 728
729 729
730 730
733 733
736 736
737 737
738 738
739 739
742 742
745 745
746 746
748 748
754 754
755 755
756 756
757 757
760 760
763 763
764 764
765 765
766 766
769 769
772 772
773 773
774 774
775 775
778 778
781 781
782 782
783 783
784 784
787 787
790 790
791 791
792 792
793 793
796 796
799 799
800 800
801 801
802 802
805 805
808 808
809 809
810 810
811 811
814 814
817 817
818 818
819 819
820 820
823 823
826 826
827 827
828 828
829 829
832 832
835 835
836 836
837 837
838 838
841 841
844 844
845 845
846 846
847 847
850 850
853 853
854 854
855 855
856 856
859 859
862 862
863 863
864 864
865 865
868 868
871 871
872 872
873 873
874 874
877 877
880 880
881 881
882 882
883 883
886 886
889 889
890 890
891 891
892 892
895 895
899 899
900 900
901 901
902 902
904 904
908 908
909 909
910 910
911 911
913 913
917 917
918 918
919 919
920 920
922 922
926 926
927 927
928 928
929 929
931 931
935 935
936 936
937 937
938 938
940 940
944 944
945 945
953 953
954 954
955 955
956 956
958 958
962 962
963 963
964 964
965 965
967 967
971 971
972 972
973 973
974 974
976 976
979 979
982 982
983 983
986 986
989 989
990 990
991 991
992 992
994 994
998 998
999 999
1000 1000
1001 1001
1003 1003
1007 1007
1008 1008
1009 1009
1010 1010
1012 1012
1016 1016
1017 1017
1018 1018
1019 1019
1021 1021
1025 1025
1026 1026
1027 1027
1028 1028
1030 1030
1034 1034
1035 1035
1036 1036
1037 1037
1039 1039
1043 1043
1044 1044
1045 1045
1046 1046
1048 1048
1052 1052
1053 1053
1054 1054
1055 1055
1057 1057
1061 1061
1062 1062
1063 1063
1064 1064
1066 1066
1070 1070
1071 1071
1072 1072
1073 1073
1075 1075
1079 1079
1080 1080
1081 1081
1082 1082
1084 1084
1088 1088
1089 1089
1090 1090
1093 1093
1097 1097
1099 1099
1100 1100
1101 1101
1102 1102
1104 1104
1106 1106
1107 1107
1108 1108
1109 1109
1111 1111
1115 1115
1116 1116
1117 1117
1118 1118
1120 1120
1126 1126
1133 1133
1135 1135
1136 1136
1137 1137
1138 1138
1140 1140
1142 1142
1144 1144
1145 1145
1146 1146
1147 1147
1149 1149
1151 1151
1152 1152
1153 1153
1154 1154
1155 1155
1156 1156
1157 1157
1160 1160
1161 1161
1162 1162
1165 1165
1169 1169
1170 1170
1171 1171
1172 1172
1174 1174
1178 1178
1179 1179
1180 1180
1181 1181
1183 1183
1187 1187
1188 1188
1189 1189
1190 1190
1192 1192
1196 1196
1197 1197
1198 1198
1199 1199
1201 1201
1205 1205
1206 1206
1207 1207
1208 1208
1210 1210
1214 1214
1215 1215
1216 1216
1217 1217
1219 1219
1223 1223
1224 1224
1225 1225
1226 1226
1229 1229
1230 1230
544 544
546 546
630 630
747 747
951 951
987 987
1129 1129
542 542
632 632
749 749
41 41
# 24 5 target:1 c+:316 c-:32 score:27.410627542885905 score+:118.90797417820417 score-:42.158217058123626 nb:3 =l_2c_7 l_2c_13 l_2c_18 
35 35
156 156
204 204
210 210
543 543
1130 1130
32 32
44 44
56 56
180 180
206 206
301 301
302 302
349 349
350 350
397 397
398 398
445 445
446 446
493 493
494 494
516 516
518 518
525 525
527 527
534 534
536 536
545 545
552 552
554 554
561 561
563 563
570 570
572 572
579 579
581 581
597 597
599 599
606 606
608 608
615 615
617 617
633 633
642 642
644 644
651 651
653 653
660 660
662 662
678 678
680 680
687 687
689 689
696 696
698 698
705 705
707 707
714 714
716 716
723 723
725 725
732 732
734 734
741 741
743 743
750 750
759 759
761 761
768 768
770 770
777 777
779 779
786 786
788 788
795 795
797 797
804 804
806 806
813 813
815 815
822 822
824 824
831 831
833 833
840 840
842 842
849 849
851 851
858 858
860 860
867 867
869 869
876 876
878 878
885 885
887 887
894 894
896 896
903 903
905 905
912 912
914 914
921 921
923 923
930 930
932 932
939 939
941 941
946 946
948 948
949 949
950 950
957 957
959 959
966 966
968 968
975 975
977 977
981 981
993 993
995 995
1002 1002
1004 1004
1011 1011
1013 1013
1020 1020
1022 1022
1029 1029
1031 1031
1038 1038
1040 1040
1047 1047
1049 1049
1056 1056
1058 1058
1065 1065
1067 1067
1074 1074
1076 1076
1083 1083
1085 1085
1092 1092
1094 1094
1110 1110
1112 1112
1119 1119
1121 1121
1164 1164
1166 1166
1173 1173
1175 1175
1182 1182
1184 1184
1191 1191
1193 1193
1200 1200
1202 1202
1209 1209
1211 1211
1218 1218
1220 1220
980 980
947 947
47 47
50 50
53 53
192 192
216 216
512 512
514 514
521 521
523 523
530 530
532 532
541 541
548 548
550 550
557 557
559 559
566 566
568 568
575 575
577 577
593 593
595 595
602 602
604 604
610 610
611 611
613 613
619 619
628 628
629 629
631 631
637 637
638 638
640 640
646 646
647 647
649 649
655 655
656 656
658 658
664 664
673 673
674 674
676 676
682 682
683 683
685 685
691 691
692 692
694 694
700 700
701 701
703 703
709 709
710 710
712 712
719 719
721 721
727 727
728 728
730 730
736 736
737 737
739 739
745 745
746 746
748 748
754 754
755 755
757 757
763 763
764 764
766 766
772 772
773 773
775 775
781 781
782 782
784 784
790 790
791 791
793 793
799 799
800 800
802 802
808 808
809 809
811 811
817 817
818 818
820 820
826 826
827 827
829 829
835 835
836 836
838 838
844 844
845 845
847 847
853 853
854 854
856 856
862 862
863 863
865 865
871 871
872 872
874 874
880 880
881 881
883 883
889 889
890 890
892 892
899 899
901 901
908 908
910 910
917 917
919 919
926 926
928 928
935 935
937 937
944 944
953 953
955 955
962 962
964 964
971 971
973 973
983 983
989 989
991 991
998 998
1000 1000
1007 1007
1009 1009
1016 1016
1018 1018
1025 1025
1027 1027
1034 1034
1036 1036
1043 1043
1045 1045
1052 1052
1054 1054
1061 1061
1063 1063
1070 1070
1072 1072
1079 1079
1081 1081
1088 1088
1090 1090
1106 1106
1108 1108
1115 1115
1117 1117
1126 1126
1160 1160
1162 1162
1169 1169
1171 1171
1178 1178
1180 1180
1187 1187
1189 1189
1196 1196
1198 1198
1205 1205
1207 1207
1214 1214
1216 1216
38 38
542 542
632 632
749 749
41 41
132 132
144 144
168 168
228 228
# 25 6 target:1 c+:98 c-:12 score:19.665190533967106 score+:181.4610334196417 score-:55.60381400225225 nb:9 =l_2c_16 l_2c_11 l_2c_8 l_2c_7 l_2c_17 l_2c_12 l_2c_18 l_2c_19 l_2c_5 
35 35
156 156
204 204
210 210
543 543
1130 1130
47 47
50 50
53 53
192 192
216 216
521 521
523 523
530 530
532 532
541 541
548 548
550 550
557 557
559 559
566 566
568 568
575 575
577 577
593 593
595 595
602 602
604 604
611 611
613 613
619 619
629 629
631 631
638 638
640 640
647 647
649 649
656 656
658 658
674 674
676 676
683 683
685 685
692 692
694 694
701 701
703 703
709 709
710 710
712 712
719 719
721 721
727 727
728 728
730 730
736 736
737 737
739 739
746 746
748 748
754 754
755 755
757 757
763 763
764 764
766 766
772 772
773 773
775 775
782 782
784 784
790 790
791 791
793 793
799 799
800 800
802 802
808 808
809 809
811 811
817 817
818 818
820 820
826 826
827 827
829 829
835 835
836 836
838 838
844 844
845 845
847 847
853 853
854 854
856 856
862 862
863 863
865 865
871 871
872 872
874 874
880 880
881 881
883 883
889 889
890 890
892 892
1126 1126
235 235
41 41
# 26 7 target:1 c+:426 c-:22 score:11.777062665424266 score+:91.93166788480517 score-:51.88965482236266 nb:4 =l_2c_17 l_2c_19 l_2c_9 l_2c_18 
35 35
156 156
204 204
210 210
543 543
1130 1130
519 519
528 528
537 537
555 555
564 564
573 573
582 582
600 600
609 609
618 618
645 645
654 654
663 663
681 681
690 690
699 699
708 708
717 717
726 726
735 735
744 744
762 762
771 771
780 780
789 789
798 798
807 807
816 816
825 825
834 834
843 843
852 852
861 861
870 870
879 879
888 888
897 897
906 906
915 915
924 924
933 933
942 942
960 960
969 969
978 978
996 996
1005 1005
1014 1014
1023 1023
1032 1032
1041 1041
1050 1050
1059 1059
1068 1068
1077 1077
1086 1086
1095 1095
1113 1113
1122 1122
1167 1167
1176 1176
1185 1185
1194 1194
1203 1203
1212 1212
1221 1221
47 47
50 50
53 53
192 192
216 216
512 512
513 513
514 514
517 517
521 521
522 522
523 523
526 526
530 530
531 531
532 532
535 535
541 541
547 547
548 548
549 549
550 550
553 553
557 557
558 558
559 559
562 562
566 566
567 567
568 568
571 571
575 575
576 576
577 577
580 580
584 584
586 586
587 587
588 588
589 589
591 591
593 593
594 594
595 595
598 598
602 602
603 603
604 604
607 607
611 611
612 612
613 613
616 616
619 619
620 620
622 622
623 623
624 624
625 625
627 627
629 629
631 631
638 638
639 639
640 640
643 643
647 647
648 648
649 649
652 652
656 656
657 657
658 658
661 661
664 664
665 665
666 666
667 667
668 668
669 669
670 670
671 671
674 674
675 675
676 676
679 679
683 683
684 684
685 685
688 688
692 692
693 693
694 694
697 697
701 701
702 702
703 703
706 706
709 709
710 710
711 711
712 712
715 715
719 719
720 720
721 721
724 724
727 727
728 728
729 729
730 730
733 733
736 736
737 737
738 738
739 739
742 742
746 746
748 748
754 754
755 755
756 756
757 757
760 760
763 763
764 764
765 765
766 766
769 769
772 772
773 773
774 774
775 775
778 778
781 781
782 782
783 783
784 784
787 787
790 790
791 791
792 792
793 793
796 796
799 799
800 800
801 801
802 802
805 805
808 808
809 809
810 810
811 811
814 814
817 817
818 818
819 819
820 820
823 823
826 826
827 827
828 828
829 829
832 832
835 835
836 836
837 837
838 838
841 841
844 844
845 845
846 846
847 847
850 850
853 853
854 854
855 855
856 856
859 859
862 862
863 863
864 864
865 865
868 868
871 871
872 872
873 873
874 874
877 877
880 880
881 881
882 882
883 883
886 886
889 889
890 890
891 891
892 892
895 895
900 900
904 904
909 909
913 913
918 918
922 922
927 927
931 931
936 936
940 940
944 944
945 945
954 954
958 958
963 963
967 967
972 972
976 976
979 979
982 982
986 986
990 990
994 994
999 999
1003 1003
1008 1008
1012 1012
1017 1017
1021 1021
1026 1026
1030 1030
1035 1035
1039 1039
1044 1044
1048 1048
1053 1053
1057 1057
1062 1062
1066 1066
1071 1071
1075 1075
1080 1080
1084 1084
1088 1088
1089 1089
1090 1090
1093 1093
1097 1097
1100 1100
1101 1101
1102 1102
1104 1104
1107 1107
1111 1111
1116 1116
1120 1120
1126 1126
1133 1133
1135 1135
1136 1136
1137 1137
1138 1138
1140 1140
1145 1145
1147 1147
1149 1149
1152 1152
1154 1154
1155 1155
1156 1156
1157 1157
1160 1160
1161 1161
1162 1162
1165 1165
1170 1170
1174 1174
1179 1179
1183 1183
1188 1188
1192 1192
1197 1197
1201 1201
1206 1206
1210 1210
1215 1215
1219 1219
1224 1224
1225 1225
1226 1226
1229 1229
1230 1230
235 235
0 0
1 1
2 2
3 3
4 4
5 5
7 7
8 8
9 9
10 10
11 11
13 13
15 15
16 16
17 17
19 19
20 20
21 21
22 22
23 23
24 24
25 25
27 27
28 28
29 29
38 38
191 191
215 215
511 511
520 520
529 529
539 539
556 556
565 565
574 574
583 583
585 585
592 592
601 601
621 621
635 635
672 672
752 752
898 898
907 907
916 916
925 925
934 934
943 943
952 952
961 961
970 970
985 985
988 988
997 997
1006 1006
1015 1015
1024 1024
1033 1033
1042 1042
1051 1051
1060 1060
1069 1069
1078 1078
1087 1087
1096 1096
1098 1098
1105 1105
1114 1114
1132 1132
1134 1134
1141 1141
1143 1143
1150 1150
1159 1159
1168 1168
1177 1177
1186 1186
1195 1195
1204 1204
1213 1213
1222 1222
459 459
1129 1129
# 27 8 target:1 c+:267 c-:24 score:6.7473666509997035 score+:67.13094980121586 score-:44.18990318781687 nb:4 =l_2c_14 l_2c_13 l_2c_18 l_2c_9 
35 35
156 156
204 204
210 210
543 543
1130 1130
32 32
44 44
56 56
180 180
206 206
301 301
302 302
349 349
350 350
397 397
398 398
445 445
446 446
493 493
494 494
516 516
518 518
525 525
527 527
534 534
536 536
545 545
552 552
554 554
561 561
563 563
570 570
572 572
579 579
581 581
597 597
599 599
606 606
608 608
615 615
617 617
633 633
642 642
644 644
651 651
653 653
660 660
662 662
678 678
680 680
687 687
689 689
696 696
698 698
705 705
707 707
714 714
716 716
723 723
725 725
732 732
734 734
741 741
743 743
750 750
759 759
761 761
768 768
770 770
777 777
779 779
786 786
788 788
795 795
797 797
804 804
806 806
813 813
815 815
822 822
824 824
831 831
833 833
840 840
842 842
849 849
851 851
858 858
860 860
867 867
869 869
876 876
878 878
885 885
887 887
894 894
896 896
903 903
905 905
912 912
914 914
921 921
923 923
930 930
932 932
939 939
941 941
946 946
948 948
949 949
950 950
957 957
959 959
966 966
968 968
975 975
977 977
981 981
993 993
995 995
1002 1002
1004 1004
1011 1011
1013 1013
1020 1020
1022 1022
1029 1029
1031 1031
1038 1038
1040 1040
1047 1047
1049 1049
1056 1056
1058 1058
1065 1065
1067 1067
1074 1074
1076 1076
1083 1083
1085 1085
1092 1092
1094 1094
1110 1110
1112 1112
1119 1119
1121 1121
1164 1164
1166 1166
1173 1173
1175 1175
1182 1182
1184 1184
1191 1191
1193 1193
1200 1200
1202 1202
1209 1209
1211 1211
1218 1218
1220 1220
980 980
947 947
515 515
519 519
524 524
528 528
533 533
537 537
551 551
555 555
560 560
564 564
569 569
573 573
578 578
582 582
590 590
596 596
600 600
605 605
609 609
614 614
618 618
626 626
641 641
645 645
650 650
654 654
659 659
663 663
677 677
681 681
686 686
690 690
695 695
699 699
704 704
708 708
713 713
717 717
722 722
726 726
731 731
735 735
740 740
744 744
758 758
762 762
767 767
771 771
776 776
780 780
785 785
789 789
794 794
798 798
803 803
807 807
812 812
816 816
821 821
825 825
830 830
834 834
839 839
843 843
848 848
852 852
857 857
861 861
866 866
870 870
875 875
879 879
884 884
888 888
893 893
897 897
906 906
915 915
924 924
933 933
942 942
960 960
969 969
978 978
984 984
996 996
1005 1005
1014 1014
1023 1023
1032 1032
1041 1041
1050 1050
1059 1059
1068 1068
1077 1077
1086 1086
1091 1091
1095 1095
1103 1103
1113 1113
1122 1122
1139 1139
1148 1148
1163 1163
1167 1167
1176 1176
1185 1185
1194 1194
1203 1203
1212 1212
1221 1221
1227 1227
38 38
635 635
752 752
544 544
546 546
630 630
747 747
951 951
987 987
1129 1129
384 384
542 542
632 632
718 718
749 749
1158 1158
