# 0 0 target:0 c+:0 c-:225 score:128.47154510671996 score+:0 score-:822.2178886830076 nb:9 =l_0c_0 l_0c_2 l_0c_4 l_0c_10 l_0c_13 l_0c_18 l_0c_17 l_0c_15 l_0c_1 
255 255
257 257
258 258
259 259
260 260
261 261
262 262
263 263
265 265
266 266
267 267
268 268
269 269
270 270
271 271
273 273
274 274
275 275
276 276
277 277
278 278
279 279
281 281
282 282
284 284
285 285
286 286
287 287
289 289
290 290
291 291
292 292
293 293
294 294
295 295
296 296
297 297
298 298
299 299
300 300
301 301
302 302
303 303
305 305
306 306
307 307
308 308
309 309
310 310
311 311
313 313
314 314
315 315
316 316
317 317
318 318
319 319
321 321
322 322
323 323
324 324
325 325
326 326
327 327
329 329
331 331
332 332
333 333
334 334
335 335
337 337
338 338
339 339
340 340
341 341
342 342
343 343
345 345
346 346
347 347
348 348
349 349
350 350
351 351
353 353
354 354
355 355
356 356
357 357
358 358
359 359
362 362
363 363
364 364
365 365
366 366
367 367
369 369
370 370
372 372
373 373
374 374
375 375
376 376
378 378
379 379
380 380
381 381
382 382
383 383
385 385
386 386
388 388
389 389
390 390
391 391
392 392
393 393
394 394
395 395
396 396
397 397
398 398
399 399
401 401
402 402
403 403
404 404
405 405
406 406
407 407
409 409
410 410
412 412
413 413
414 414
415 415
417 417
418 418
419 419
420 420
421 421
422 422
423 423
425 425
426 426
427 427
428 428
429 429
430 430
431 431
433 433
434 434
435 435
436 436
437 437
438 438
439 439
441 441
442 442
444 444
445 445
446 446
447 447
449 449
450 450
451 451
452 452
453 453
454 454
455 455
457 457
458 458
459 459
460 460
461 461
462 462
463 463
465 465
466 466
467 467
468 468
469 469
470 470
471 471
472 472
473 473
475 475
476 476
477 477
478 478
479 479
480 480
481 481
482 482
483 483
484 484
485 485
486 486
487 487
488 488
489 489
490 490
491 491
492 492
493 493
494 494
495 495
496 496
497 497
498 498
499 499
500 500
501 501
502 502
503 503
504 504
505 505
506 506
507 507
508 508
509 509
510 510
572 572
650 650
# 1 1 target:0 c+:9 c-:36 score:9.599032377603894 score+:25.67149190321621 score-:81.34587969331878 nb:8 =l_0c_0 l_0c_2 l_0c_4 l_0c_10 l_0c_13 l_0c_18 l_0c_15 l_0c_12 
256 256
264 264
272 272
280 280
283 283
288 288
304 304
312 312
320 320
328 328
330 330
336 336
344 344
352 352
360 360
361 361
368 368
371 371
377 377
384 384
387 387
400 400
408 408
411 411
416 416
424 424
432 432
440 440
443 443
448 448
456 456
464 464
474 474
512 512
530 530
536 536
554 554
578 578
656 656
686 686
764 764
782 782
836 836
842 842
866 866
# 2 0 target:1 c+:385 c-:261 score:73.02597154110109 score+:781.3029468293493 score-:401.5678948156237 nb:7 =l_0c_0 l_0c_2 l_0c_4 l_0c_10 l_0c_13 l_0c_18 l_0c_12 
256 256
264 264
272 272
280 280
283 283
288 288
304 304
312 312
320 320
328 328
330 330
336 336
344 344
352 352
360 360
361 361
368 368
371 371
377 377
384 384
387 387
400 400
408 408
411 411
416 416
424 424
432 432
440 440
443 443
448 448
456 456
464 464
474 474
512 512
530 530
536 536
554 554
578 578
656 656
686 686
764 764
782 782
836 836
842 842
866 866
0 0
1 1
2 2
3 3
4 4
5 5
6 6
7 7
8 8
9 9
10 10
11 11
12 12
13 13
14 14
15 15
16 16
17 17
18 18
19 19
20 20
21 21
22 22
23 23
24 24
25 25
26 26
27 27
28 28
29 29
30 30
31 31
32 32
33 33
34 34
35 35
36 36
37 37
38 38
39 39
40 40
41 41
42 42
43 43
44 44
45 45
46 46
47 47
48 48
49 49
50 50
51 51
52 52
53 53
54 54
55 55
56 56
57 57
58 58
59 59
60 60
61 61
62 62
63 63
64 64
65 65
66 66
67 67
68 68
69 69
70 70
71 71
72 72
73 73
74 74
75 75
76 76
77 77
78 78
79 79
80 80
81 81
82 82
83 83
84 84
85 85
86 86
87 87
88 88
89 89
90 90
91 91
92 92
93 93
94 94
95 95
96 96
97 97
98 98
99 99
100 100
101 101
102 102
103 103
104 104
105 105
106 106
107 107
108 108
109 109
110 110
111 111
112 112
113 113
114 114
115 115
116 116
117 117
118 118
119 119
120 120
121 121
122 122
123 123
124 124
125 125
126 126
127 127
128 128
129 129
130 130
131 131
132 132
133 133
134 134
135 135
136 136
137 137
138 138
139 139
140 140
141 141
142 142
143 143
144 144
145 145
146 146
147 147
148 148
149 149
150 150
151 151
152 152
153 153
154 154
155 155
156 156
157 157
158 158
159 159
160 160
161 161
162 162
163 163
164 164
165 165
166 166
167 167
168 168
169 169
170 170
171 171
172 172
173 173
174 174
175 175
176 176
177 177
178 178
179 179
180 180
181 181
182 182
183 183
184 184
185 185
186 186
187 187
188 188
189 189
190 190
191 191
192 192
193 193
194 194
195 195
196 196
197 197
198 198
199 199
200 200
201 201
202 202
203 203
204 204
205 205
206 206
207 207
208 208
209 209
210 210
211 211
212 212
213 213
214 214
215 215
216 216
217 217
218 218
219 219
220 220
221 221
222 222
223 223
224 224
225 225
226 226
227 227
228 228
229 229
230 230
231 231
232 232
233 233
234 234
235 235
236 236
237 237
238 238
239 239
240 240
241 241
242 242
243 243
244 244
245 245
246 246
247 247
248 248
249 249
250 250
251 251
252 252
253 253
254 254
511 511
513 513
514 514
515 515
516 516
517 517
518 518
519 519
520 520
521 521
522 522
523 523
524 524
525 525
526 526
527 527
528 528
529 529
531 531
532 532
533 533
534 534
535 535
537 537
538 538
539 539
540 540
541 541
542 542
543 543
544 544
545 545
546 546
547 547
548 548
549 549
550 550
551 551
552 552
553 553
555 555
556 556
557 557
558 558
559 559
560 560
561 561
562 562
563 563
564 564
565 565
566 566
567 567
568 568
569 569
570 570
571 571
573 573
574 574
575 575
576 576
577 577
579 579
580 580
581 581
582 582
583 583
584 584
585 585
586 586
587 587
588 588
589 589
590 590
591 591
592 592
593 593
594 594
595 595
596 596
597 597
598 598
599 599
600 600
601 601
602 602
603 603
604 604
605 605
606 606
607 607
608 608
609 609
610 610
611 611
612 612
613 613
614 614
615 615
616 616
617 617
618 618
619 619
620 620
621 621
622 622
623 623
624 624
625 625
626 626
627 627
628 628
629 629
630 630
631 631
632 632
633 633
634 634
635 635
636 636
637 637
638 638
639 639
640 640
641 641
642 642
643 643
644 644
645 645
646 646
647 647
648 648
649 649
651 651
652 652
653 653
654 654
655 655
657 657
658 658
659 659
660 660
661 661
662 662
663 663
664 664
665 665
666 666
667 667
668 668
669 669
670 670
671 671
672 672
673 673
674 674
675 675
676 676
677 677
678 678
679 679
680 680
681 681
682 682
683 683
684 684
685 685
687 687
688 688
689 689
690 690
691 691
692 692
693 693
694 694
695 695
696 696
697 697
698 698
699 699
700 700
701 701
702 702
703 703
704 704
705 705
706 706
707 707
708 708
709 709
710 710
711 711
712 712
713 713
714 714
715 715
716 716
717 717
718 718
719 719
720 720
721 721
722 722
723 723
724 724
725 725
726 726
727 727
728 728
729 729
730 730
731 731
732 732
733 733
734 734
735 735
736 736
737 737
738 738
739 739
740 740
741 741
742 742
743 743
744 744
745 745
746 746
747 747
748 748
749 749
750 750
751 751
752 752
753 753
754 754
755 755
756 756
757 757
758 758
759 759
760 760
761 761
762 762
763 763
765 765
766 766
767 767
768 768
769 769
770 770
771 771
772 772
773 773
774 774
775 775
776 776
777 777
778 778
779 779
780 780
781 781
783 783
784 784
785 785
786 786
787 787
788 788
789 789
790 790
791 791
792 792
793 793
794 794
795 795
796 796
797 797
798 798
799 799
800 800
801 801
802 802
803 803
804 804
805 805
806 806
807 807
808 808
809 809
810 810
811 811
812 812
813 813
814 814
815 815
816 816
817 817
818 818
819 819
820 820
821 821
822 822
823 823
824 824
825 825
826 826
827 827
828 828
829 829
830 830
831 831
832 832
833 833
834 834
835 835
837 837
838 838
839 839
840 840
841 841
843 843
844 844
845 845
846 846
847 847
848 848
849 849
850 850
851 851
852 852
853 853
854 854
855 855
856 856
857 857
858 858
859 859
860 860
861 861
862 862
863 863
864 864
865 865
867 867
868 868
869 869
870 870
# 3 0 target:0 c+:385 c-:486 score:41.135998708276794 score+:97.34948133249635 score-:163.16707926573923 nb:1 =l_1c_2 
66 66
98 98
120 120
65 65
69 69
70 70
80 80
82 82
97 97
113 113
114 114
119 119
123 123
0 0
1 1
2 2
3 3
4 4
5 5
6 6
7 7
8 8
9 9
10 10
11 11
12 12
13 13
14 14
15 15
16 16
17 17
18 18
19 19
20 20
21 21
22 22
23 23
24 24
25 25
26 26
27 27
28 28
29 29
30 30
31 31
32 32
33 33
34 34
35 35
36 36
37 37
38 38
39 39
40 40
41 41
42 42
43 43
44 44
45 45
46 46
47 47
48 48
49 49
50 50
51 51
52 52
53 53
54 54
55 55
56 56
57 57
58 58
59 59
60 60
61 61
62 62
63 63
64 64
67 67
68 68
71 71
72 72
73 73
74 74
75 75
76 76
77 77
78 78
79 79
81 81
83 83
84 84
85 85
86 86
87 87
88 88
89 89
90 90
91 91
92 92
93 93
94 94
95 95
96 96
99 99
100 100
101 101
102 102
103 103
104 104
105 105
106 106
107 107
108 108
109 109
110 110
111 111
112 112
115 115
116 116
117 117
118 118
121 121
122 122
124 124
125 125
126 126
127 127
131 131
135 135
139 139
141 141
143 143
151 151
155 155
159 159
163 163
164 164
167 167
171 171
175 175
179 179
180 180
183 183
185 185
188 188
191 191
193 193
199 199
203 203
205 205
207 207
211 211
215 215
219 219
221 221
223 223
227 227
231 231
236 236
256 256
264 264
272 272
280 280
283 283
288 288
290 290
296 296
304 304
305 305
312 312
320 320
321 321
328 328
330 330
336 336
338 338
344 344
352 352
360 360
361 361
368 368
371 371
376 376
377 377
384 384
387 387
392 392
400 400
408 408
411 411
416 416
424 424
432 432
434 434
440 440
443 443
448 448
449 449
456 456
464 464
466 466
472 472
474 474
480 480
511 511
512 512
513 513
514 514
515 515
516 516
517 517
518 518
519 519
520 520
521 521
522 522
523 523
524 524
525 525
526 526
527 527
528 528
529 529
530 530
531 531
532 532
533 533
534 534
535 535
536 536
537 537
538 538
539 539
540 540
541 541
542 542
543 543
544 544
545 545
546 546
547 547
548 548
549 549
550 550
551 551
552 552
553 553
554 554
555 555
556 556
557 557
558 558
559 559
560 560
561 561
562 562
563 563
564 564
565 565
566 566
567 567
568 568
569 569
570 570
571 571
572 572
573 573
574 574
575 575
576 576
577 577
578 578
579 579
580 580
581 581
582 582
583 583
584 584
585 585
586 586
587 587
588 588
589 589
590 590
591 591
592 592
593 593
594 594
595 595
596 596
597 597
598 598
599 599
600 600
601 601
602 602
603 603
604 604
605 605
606 606
607 607
608 608
609 609
610 610
611 611
612 612
613 613
614 614
615 615
616 616
617 617
618 618
619 619
620 620
621 621
622 622
623 623
624 624
625 625
626 626
627 627
628 628
629 629
630 630
631 631
632 632
633 633
634 634
635 635
636 636
637 637
638 638
639 639
640 640
641 641
642 642
643 643
644 644
645 645
646 646
647 647
648 648
649 649
650 650
651 651
652 652
653 653
654 654
655 655
656 656
657 657
658 658
659 659
660 660
661 661
662 662
663 663
664 664
665 665
666 666
667 667
668 668
669 669
670 670
671 671
672 672
673 673
674 674
675 675
676 676
677 677
678 678
679 679
680 680
681 681
682 682
683 683
684 684
685 685
686 686
687 687
688 688
689 689
690 690
691 691
692 692
693 693
694 694
695 695
696 696
697 697
698 698
699 699
700 700
701 701
702 702
703 703
704 704
705 705
706 706
707 707
708 708
709 709
710 710
711 711
712 712
713 713
714 714
715 715
716 716
717 717
718 718
719 719
720 720
721 721
722 722
723 723
724 724
725 725
726 726
727 727
728 728
729 729
730 730
731 731
732 732
733 733
734 734
735 735
736 736
737 737
738 738
739 739
740 740
741 741
742 742
743 743
744 744
745 745
746 746
747 747
748 748
749 749
750 750
751 751
752 752
753 753
754 754
755 755
756 756
757 757
758 758
759 759
760 760
761 761
762 762
763 763
764 764
765 765
766 766
767 767
768 768
769 769
770 770
771 771
772 772
773 773
774 774
775 775
776 776
777 777
778 778
779 779
780 780
781 781
782 782
783 783
784 784
785 785
786 786
787 787
788 788
789 789
790 790
791 791
792 792
793 793
794 794
795 795
796 796
797 797
798 798
799 799
800 800
801 801
802 802
803 803
804 804
805 805
806 806
807 807
808 808
809 809
810 810
811 811
812 812
813 813
814 814
815 815
816 816
817 817
818 818
819 819
820 820
821 821
822 822
823 823
824 824
825 825
826 826
827 827
828 828
829 829
830 830
831 831
832 832
833 833
834 834
835 835
836 836
837 837
838 838
839 839
840 840
841 841
842 842
843 843
844 844
845 845
846 846
847 847
848 848
849 849
850 850
851 851
852 852
853 853
854 854
855 855
856 856
857 857
858 858
859 859
860 860
861 861
862 862
863 863
864 864
865 865
866 866
867 867
868 868
869 869
870 870
239 239
128 128
129 129
130 130
132 132
133 133
134 134
136 136
137 137
138 138
140 140
142 142
144 144
145 145
146 146
147 147
148 148
149 149
150 150
152 152
153 153
154 154
156 156
157 157
158 158
160 160
161 161
162 162
165 165
166 166
168 168
169 169
170 170
172 172
173 173
174 174
176 176
177 177
178 178
181 181
182 182
184 184
186 186
187 187
189 189
190 190
192 192
194 194
195 195
196 196
197 197
198 198
200 200
201 201
202 202
204 204
206 206
208 208
209 209
210 210
212 212
213 213
214 214
216 216
217 217
218 218
220 220
222 222
224 224
225 225
226 226
228 228
229 229
230 230
232 232
233 233
234 234
235 235
237 237
238 238
240 240
241 241
242 242
243 243
244 244
245 245
246 246
247 247
248 248
249 249
250 250
251 251
252 252
253 253
254 254
255 255
259 259
260 260
261 261
262 262
263 263
265 265
266 266
267 267
268 268
269 269
270 270
271 271
275 275
276 276
277 277
278 278
279 279
281 281
282 282
284 284
285 285
286 286
287 287
291 291
292 292
293 293
294 294
297 297
298 298
299 299
300 300
301 301
302 302
303 303
307 307
308 308
309 309
310 310
311 311
313 313
314 314
315 315
316 316
317 317
318 318
319 319
325 325
326 326
327 327
329 329
331 331
332 332
333 333
334 334
335 335
339 339
340 340
341 341
342 342
343 343
345 345
346 346
347 347
348 348
349 349
350 350
351 351
357 357
358 358
359 359
362 362
363 363
364 364
365 365
366 366
367 367
372 372
373 373
374 374
378 378
379 379
380 380
381 381
382 382
383 383
388 388
389 389
390 390
393 393
394 394
395 395
396 396
397 397
398 398
399 399
403 403
404 404
405 405
406 406
407 407
409 409
410 410
412 412
413 413
414 414
415 415
419 419
420 420
421 421
422 422
423 423
425 425
426 426
427 427
428 428
429 429
430 430
431 431
435 435
436 436
437 437
438 438
439 439
441 441
442 442
444 444
445 445
446 446
447 447
453 453
454 454
455 455
459 459
460 460
461 461
462 462
463 463
467 467
468 468
469 469
470 470
473 473
475 475
476 476
477 477
478 478
479 479
487 487
488 488
489 489
490 490
491 491
492 492
493 493
494 494
495 495
496 496
499 499
500 500
501 501
502 502
503 503
504 504
505 505
506 506
507 507
508 508
509 509
510 510
257 257
258 258
273 273
274 274
289 289
295 295
306 306
322 322
323 323
324 324
337 337
353 353
354 354
355 355
356 356
369 369
370 370
375 375
385 385
386 386
391 391
401 401
402 402
417 417
418 418
433 433
450 450
451 451
452 452
457 457
458 458
465 465
471 471
481 481
482 482
483 483
484 484
485 485
486 486
497 497
498 498
# 4 1 target:0 c+:0 c-:13 score:6.60015446362868 score+:0 score-:26.40061785451472 nb:5 =l_1c_2 l_1c_13 l_1c_14 l_1c_10 l_1c_1 
66 66
98 98
120 120
65 65
69 69
70 70
80 80
82 82
97 97
113 113
114 114
119 119
123 123
# 5 0 target:1 c+:385 c-:181 score:113.6795712051032 score+:502.39592766994394 score-:184.09312829565496 nb:3 =l_1c_2 l_1c_10 l_1c_14 
66 66
98 98
120 120
65 65
69 69
70 70
80 80
82 82
97 97
113 113
114 114
119 119
123 123
0 0
1 1
2 2
3 3
4 4
5 5
6 6
7 7
8 8
9 9
10 10
11 11
12 12
13 13
14 14
15 15
16 16
17 17
18 18
19 19
20 20
21 21
22 22
23 23
24 24
25 25
26 26
27 27
28 28
29 29
30 30
31 31
32 32
33 33
34 34
35 35
36 36
37 37
38 38
39 39
40 40
41 41
42 42
43 43
44 44
45 45
46 46
47 47
48 48
49 49
50 50
51 51
52 52
53 53
54 54
55 55
56 56
57 57
58 58
59 59
60 60
61 61
62 62
63 63
64 64
67 67
68 68
71 71
72 72
73 73
74 74
75 75
76 76
77 77
78 78
79 79
81 81
83 83
84 84
85 85
86 86
87 87
88 88
89 89
90 90
91 91
92 92
93 93
94 94
95 95
96 96
99 99
100 100
101 101
102 102
103 103
104 104
105 105
106 106
107 107
108 108
109 109
110 110
111 111
112 112
115 115
116 116
117 117
118 118
121 121
122 122
124 124
125 125
126 126
127 127
131 131
135 135
139 139
141 141
143 143
151 151
155 155
159 159
163 163
164 164
167 167
171 171
175 175
179 179
180 180
183 183
185 185
188 188
191 191
193 193
199 199
203 203
205 205
207 207
211 211
215 215
219 219
221 221
223 223
227 227
231 231
236 236
256 256
264 264
272 272
280 280
283 283
288 288
290 290
296 296
304 304
305 305
312 312
320 320
321 321
328 328
330 330
336 336
338 338
344 344
352 352
360 360
361 361
368 368
371 371
376 376
377 377
384 384
387 387
392 392
400 400
408 408
411 411
416 416
424 424
432 432
434 434
440 440
443 443
448 448
449 449
456 456
464 464
466 466
472 472
474 474
480 480
511 511
512 512
513 513
514 514
515 515
516 516
517 517
518 518
519 519
520 520
521 521
522 522
523 523
524 524
525 525
526 526
527 527
528 528
529 529
530 530
531 531
532 532
533 533
534 534
535 535
536 536
537 537
538 538
539 539
540 540
541 541
542 542
543 543
544 544
545 545
546 546
547 547
548 548
549 549
550 550
551 551
552 552
553 553
554 554
555 555
556 556
557 557
558 558
559 559
560 560
561 561
562 562
563 563
564 564
565 565
566 566
567 567
568 568
569 569
570 570
571 571
572 572
573 573
574 574
575 575
576 576
577 577
578 578
579 579
580 580
581 581
582 582
583 583
584 584
585 585
586 586
587 587
588 588
589 589
590 590
591 591
592 592
593 593
594 594
595 595
596 596
597 597
598 598
599 599
600 600
601 601
602 602
603 603
604 604
605 605
606 606
607 607
608 608
609 609
610 610
611 611
612 612
613 613
614 614
615 615
616 616
617 617
618 618
619 619
620 620
621 621
622 622
623 623
624 624
625 625
626 626
627 627
628 628
629 629
630 630
631 631
632 632
633 633
634 634
635 635
636 636
637 637
638 638
639 639
640 640
641 641
642 642
643 643
644 644
645 645
646 646
647 647
648 648
649 649
650 650
651 651
652 652
653 653
654 654
655 655
656 656
657 657
658 658
659 659
660 660
661 661
662 662
663 663
664 664
665 665
666 666
667 667
668 668
669 669
670 670
671 671
672 672
673 673
674 674
675 675
676 676
677 677
678 678
679 679
680 680
681 681
682 682
683 683
684 684
685 685
686 686
687 687
688 688
689 689
690 690
691 691
692 692
693 693
694 694
695 695
696 696
697 697
698 698
699 699
700 700
701 701
702 702
703 703
704 704
705 705
706 706
707 707
708 708
709 709
710 710
711 711
712 712
713 713
714 714
715 715
716 716
717 717
718 718
719 719
720 720
721 721
722 722
723 723
724 724
725 725
726 726
727 727
728 728
729 729
730 730
731 731
732 732
733 733
734 734
735 735
736 736
737 737
738 738
739 739
740 740
741 741
742 742
743 743
744 744
745 745
746 746
747 747
748 748
749 749
750 750
751 751
752 752
753 753
754 754
755 755
756 756
757 757
758 758
759 759
760 760
761 761
762 762
763 763
764 764
765 765
766 766
767 767
768 768
769 769
770 770
771 771
772 772
773 773
774 774
775 775
776 776
777 777
778 778
779 779
780 780
781 781
782 782
783 783
784 784
785 785
786 786
787 787
788 788
789 789
790 790
791 791
792 792
793 793
794 794
795 795
796 796
797 797
798 798
799 799
800 800
801 801
802 802
803 803
804 804
805 805
806 806
807 807
808 808
809 809
810 810
811 811
812 812
813 813
814 814
815 815
816 816
817 817
818 818
819 819
820 820
821 821
822 822
823 823
824 824
825 825
826 826
827 827
828 828
829 829
830 830
831 831
832 832
833 833
834 834
835 835
836 836
837 837
838 838
839 839
840 840
841 841
842 842
843 843
844 844
845 845
846 846
847 847
848 848
849 849
850 850
851 851
852 852
853 853
854 854
855 855
856 856
857 857
858 858
859 859
860 860
861 861
862 862
863 863
864 864
865 865
866 866
867 867
868 868
869 869
870 870
239 239
# 6 1 target:1 c+:385 c-:180 score:65.54010266437203 score+:406.0702414193222 score-:183.2338923604573 nb:4 =l_1c_2 l_1c_1 l_1c_14 l_1c_10 
66 66
98 98
120 120
65 65
69 69
70 70
80 80
82 82
97 97
113 113
114 114
119 119
123 123
0 0
1 1
2 2
3 3
4 4
5 5
6 6
7 7
8 8
9 9
10 10
11 11
12 12
13 13
14 14
15 15
16 16
17 17
18 18
19 19
20 20
21 21
22 22
23 23
24 24
25 25
26 26
27 27
28 28
29 29
30 30
31 31
32 32
33 33
34 34
35 35
36 36
37 37
38 38
39 39
40 40
41 41
42 42
43 43
44 44
45 45
46 46
47 47
48 48
49 49
50 50
51 51
52 52
53 53
54 54
55 55
56 56
57 57
58 58
59 59
60 60
61 61
62 62
63 63
64 64
67 67
68 68
71 71
72 72
73 73
74 74
75 75
76 76
77 77
78 78
79 79
81 81
83 83
84 84
85 85
86 86
87 87
88 88
89 89
90 90
91 91
92 92
93 93
94 94
95 95
96 96
99 99
100 100
101 101
102 102
103 103
104 104
105 105
106 106
107 107
108 108
109 109
110 110
111 111
112 112
115 115
116 116
117 117
118 118
121 121
122 122
124 124
125 125
126 126
127 127
131 131
135 135
139 139
141 141
143 143
151 151
155 155
159 159
163 163
164 164
167 167
171 171
175 175
179 179
180 180
183 183
185 185
188 188
191 191
193 193
199 199
203 203
205 205
207 207
211 211
215 215
219 219
221 221
223 223
227 227
231 231
236 236
256 256
264 264
272 272
280 280
283 283
288 288
290 290
296 296
304 304
305 305
312 312
320 320
321 321
328 328
330 330
336 336
338 338
344 344
352 352
360 360
361 361
368 368
371 371
376 376
377 377
384 384
387 387
392 392
400 400
408 408
411 411
416 416
424 424
432 432
434 434
440 440
443 443
448 448
449 449
456 456
464 464
466 466
472 472
474 474
480 480
511 511
512 512
513 513
514 514
515 515
516 516
517 517
518 518
519 519
520 520
521 521
522 522
523 523
524 524
525 525
526 526
527 527
528 528
529 529
530 530
531 531
532 532
533 533
534 534
535 535
536 536
537 537
538 538
539 539
540 540
541 541
542 542
543 543
544 544
545 545
546 546
547 547
548 548
549 549
550 550
551 551
552 552
553 553
554 554
555 555
556 556
557 557
558 558
559 559
560 560
561 561
562 562
563 563
564 564
565 565
566 566
567 567
568 568
569 569
570 570
571 571
572 572
573 573
574 574
575 575
576 576
577 577
578 578
579 579
580 580
581 581
582 582
583 583
584 584
585 585
586 586
587 587
588 588
589 589
590 590
591 591
592 592
593 593
594 594
595 595
596 596
597 597
598 598
599 599
600 600
601 601
602 602
603 603
604 604
605 605
606 606
607 607
608 608
609 609
610 610
611 611
612 612
613 613
614 614
615 615
616 616
617 617
618 618
619 619
620 620
621 621
622 622
623 623
624 624
625 625
626 626
627 627
628 628
629 629
630 630
631 631
632 632
633 633
634 634
635 635
636 636
637 637
638 638
639 639
640 640
641 641
642 642
643 643
644 644
645 645
646 646
647 647
648 648
649 649
650 650
651 651
652 652
653 653
654 654
655 655
656 656
657 657
658 658
659 659
660 660
661 661
662 662
663 663
664 664
665 665
666 666
667 667
668 668
669 669
670 670
671 671
672 672
673 673
674 674
675 675
676 676
677 677
678 678
679 679
680 680
681 681
682 682
683 683
684 684
685 685
686 686
687 687
688 688
689 689
690 690
691 691
692 692
693 693
694 694
695 695
696 696
697 697
698 698
699 699
700 700
701 701
702 702
703 703
704 704
705 705
706 706
707 707
708 708
709 709
710 710
711 711
712 712
713 713
714 714
715 715
716 716
717 717
718 718
719 719
720 720
721 721
722 722
723 723
724 724
725 725
726 726
727 727
728 728
729 729
730 730
731 731
732 732
733 733
734 734
735 735
736 736
737 737
738 738
739 739
740 740
741 741
742 742
743 743
744 744
745 745
746 746
747 747
748 748
749 749
750 750
751 751
752 752
753 753
754 754
755 755
756 756
757 757
758 758
759 759
760 760
761 761
762 762
763 763
764 764
765 765
766 766
767 767
768 768
769 769
770 770
771 771
772 772
773 773
774 774
775 775
776 776
777 777
778 778
779 779
780 780
781 781
782 782
783 783
784 784
785 785
786 786
787 787
788 788
789 789
790 790
791 791
792 792
793 793
794 794
795 795
796 796
797 797
798 798
799 799
800 800
801 801
802 802
803 803
804 804
805 805
806 806
807 807
808 808
809 809
810 810
811 811
812 812
813 813
814 814
815 815
816 816
817 817
818 818
819 819
820 820
821 821
822 822
823 823
824 824
825 825
826 826
827 827
828 828
829 829
830 830
831 831
832 832
833 833
834 834
835 835
836 836
837 837
838 838
839 839
840 840
841 841
842 842
843 843
844 844
845 845
846 846
847 847
848 848
849 849
850 850
851 851
852 852
853 853
854 854
855 855
856 856
857 857
858 858
859 859
860 860
861 861
862 862
863 863
864 864
865 865
866 866
867 867
868 868
869 869
870 870
# 7 0 target:0 c+:2 c-:444 score:488.73297275467775 score+:11.952066394317832 score-:2846.6033083714483 nb:8 =l_2c_11 l_2c_9 l_2c_4 l_2c_18 l_2c_10 l_2c_5 l_2c_0 l_2c_2 
782 782
842 842
256 256
264 264
272 272
280 280
283 283
288 288
304 304
312 312
320 320
328 328
330 330
336 336
344 344
352 352
360 360
361 361
368 368
371 371
377 377
384 384
387 387
400 400
408 408
411 411
416 416
424 424
432 432
440 440
443 443
448 448
456 456
464 464
474 474
649 649
764 764
836 836
866 866
99 99
103 103
120 120
144 144
147 147
152 152
160 160
168 168
187 187
195 195
216 216
224 224
235 235
650 650
63 63
66 66
67 67
82 82
87 87
91 91
95 95
97 97
98 98
113 113
115 115
119 119
123 123
128 128
136 136
161 161
176 176
177 177
184 184
192 192
200 200
208 208
225 225
228 228
232 232
240 240
241 241
242 242
248 248
255 255
257 257
258 258
259 259
260 260
261 261
262 262
263 263
265 265
266 266
267 267
268 268
269 269
270 270
271 271
273 273
274 274
275 275
276 276
277 277
278 278
279 279
281 281
282 282
284 284
285 285
286 286
287 287
289 289
290 290
291 291
292 292
293 293
294 294
295 295
296 296
297 297
298 298
299 299
300 300
301 301
302 302
303 303
305 305
306 306
307 307
308 308
309 309
310 310
311 311
313 313
314 314
315 315
316 316
317 317
318 318
319 319
321 321
322 322
323 323
324 324
325 325
326 326
327 327
329 329
331 331
332 332
333 333
334 334
335 335
337 337
338 338
339 339
340 340
341 341
342 342
343 343
345 345
346 346
347 347
348 348
349 349
350 350
351 351
353 353
354 354
355 355
356 356
357 357
358 358
359 359
362 362
363 363
364 364
365 365
366 366
367 367
369 369
370 370
372 372
373 373
374 374
375 375
376 376
378 378
379 379
380 380
381 381
382 382
383 383
385 385
386 386
388 388
389 389
390 390
391 391
392 392
393 393
394 394
395 395
396 396
397 397
398 398
399 399
401 401
402 402
403 403
404 404
405 405
406 406
407 407
409 409
410 410
412 412
413 413
414 414
415 415
417 417
418 418
419 419
420 420
421 421
422 422
423 423
425 425
426 426
427 427
428 428
429 429
430 430
431 431
433 433
434 434
435 435
436 436
437 437
438 438
439 439
441 441
442 442
444 444
445 445
446 446
447 447
449 449
450 450
451 451
452 452
453 453
454 454
457 457
458 458
459 459
460 460
461 461
462 462
465 465
466 466
467 467
468 468
469 469
470 470
471 471
472 472
473 473
475 475
476 476
477 477
478 478
480 480
481 481
482 482
483 483
484 484
485 485
486 486
487 487
488 488
489 489
490 490
491 491
492 492
493 493
494 494
495 495
496 496
497 497
498 498
499 499
500 500
501 501
502 502
503 503
504 504
505 505
506 506
507 507
508 508
509 509
510 510
572 572
65 65
68 68
69 69
70 70
71 71
73 73
74 74
75 75
76 76
77 77
78 78
79 79
80 80
83 83
84 84
85 85
86 86
88 88
89 89
92 92
93 93
100 100
101 101
102 102
106 106
107 107
108 108
109 109
110 110
111 111
112 112
116 116
117 117
118 118
121 121
124 124
125 125
126 126
127 127
129 129
130 130
131 131
132 132
133 133
134 134
135 135
137 137
138 138
139 139
140 140
141 141
142 142
143 143
145 145
146 146
148 148
149 149
150 150
151 151
153 153
154 154
155 155
156 156
157 157
158 158
159 159
162 162
163 163
164 164
165 165
166 166
167 167
169 169
170 170
171 171
172 172
173 173
174 174
175 175
178 178
179 179
180 180
181 181
182 182
183 183
185 185
186 186
188 188
189 189
190 190
191 191
193 193
194 194
196 196
197 197
198 198
199 199
201 201
202 202
203 203
204 204
205 205
206 206
207 207
209 209
210 210
211 211
212 212
213 213
214 214
215 215
217 217
218 218
219 219
220 220
221 221
222 222
223 223
226 226
227 227
229 229
230 230
231 231
233 233
234 234
236 236
237 237
238 238
239 239
243 243
244 244
245 245
246 246
247 247
249 249
250 250
251 251
252 252
253 253
254 254
455 455
463 463
479 479
# 8 1 target:0 c+:1 c-:339 score:223.9840252078583 score+:7.1863841537036635 score-:1306.2937303592817 nb:8 =l_2c_8 l_2c_9 l_2c_4 l_2c_18 l_2c_11 l_2c_1 l_2c_16 l_2c_17 
256 256
264 264
272 272
280 280
283 283
304 304
320 320
328 328
330 330
336 336
352 352
360 360
361 361
371 371
377 377
400 400
416 416
432 432
440 440
443 443
456 456
464 464
474 474
649 649
764 764
836 836
866 866
650 650
576 576
115 115
123 123
128 128
136 136
161 161
176 176
177 177
184 184
192 192
200 200
208 208
225 225
228 228
232 232
240 240
241 241
242 242
248 248
255 255
257 257
258 258
259 259
260 260
261 261
262 262
263 263
265 265
266 266
267 267
268 268
269 269
270 270
271 271
273 273
274 274
275 275
276 276
277 277
278 278
279 279
281 281
282 282
284 284
285 285
286 286
287 287
289 289
290 290
291 291
292 292
293 293
294 294
295 295
296 296
297 297
298 298
299 299
300 300
301 301
302 302
303 303
305 305
306 306
307 307
308 308
309 309
310 310
311 311
313 313
314 314
315 315
316 316
317 317
318 318
319 319
321 321
322 322
323 323
324 324
325 325
326 326
327 327
329 329
331 331
332 332
333 333
334 334
335 335
337 337
338 338
339 339
340 340
341 341
342 342
343 343
345 345
346 346
347 347
348 348
349 349
350 350
351 351
353 353
354 354
355 355
356 356
357 357
358 358
359 359
362 362
363 363
364 364
365 365
366 366
367 367
369 369
370 370
372 372
373 373
374 374
375 375
376 376
378 378
379 379
380 380
381 381
382 382
383 383
385 385
386 386
388 388
389 389
390 390
391 391
392 392
393 393
394 394
395 395
396 396
397 397
398 398
399 399
401 401
402 402
403 403
404 404
405 405
406 406
407 407
409 409
410 410
412 412
413 413
414 414
415 415
417 417
418 418
419 419
420 420
421 421
422 422
423 423
425 425
426 426
427 427
428 428
429 429
430 430
431 431
433 433
434 434
435 435
436 436
437 437
438 438
439 439
441 441
442 442
444 444
445 445
446 446
447 447
449 449
450 450
451 451
452 452
453 453
454 454
457 457
458 458
459 459
460 460
461 461
462 462
465 465
466 466
467 467
468 468
469 469
470 470
471 471
472 472
473 473
475 475
476 476
477 477
478 478
480 480
481 481
482 482
483 483
484 484
485 485
486 486
487 487
488 488
489 489
490 490
491 491
492 492
493 493
494 494
495 495
496 496
497 497
498 498
499 499
500 500
501 501
502 502
503 503
504 504
505 505
506 506
507 507
508 508
509 509
510 510
572 572
73 73
129 129
130 130
132 132
133 133
134 134
137 137
138 138
140 140
142 142
145 145
146 146
148 148
149 149
150 150
153 153
154 154
156 156
157 157
158 158
162 162
165 165
166 166
169 169
170 170
172 172
173 173
174 174
178 178
181 181
182 182
186 186
189 189
190 190
194 194
196 196
197 197
198 198
201 201
202 202
204 204
206 206
209 209
210 210
212 212
213 213
214 214
217 217
218 218
220 220
222 222
226 226
229 229
230 230
233 233
234 234
237 237
238 238
243 243
244 244
245 245
246 246
247 247
249 249
250 250
251 251
252 252
253 253
254 254
455 455
463 463
479 479
# 9 2 target:0 c+:42 c-:330 score:43.67796684326178 score+:105.8697739474338 score-:228.1680811085668 nb:3 =l_2c_4 l_2c_9 l_2c_7 
782 782
842 842
685 685
861 861
256 256
264 264
272 272
280 280
283 283
288 288
304 304
312 312
320 320
328 328
330 330
336 336
344 344
352 352
360 360
361 361
368 368
371 371
377 377
384 384
387 387
400 400
408 408
411 411
416 416
424 424
432 432
440 440
443 443
448 448
456 456
464 464
474 474
649 649
764 764
836 836
866 866
625 625
619 619
620 620
631 631
632 632
643 643
646 646
655 655
691 691
694 694
99 99
103 103
120 120
144 144
147 147
152 152
160 160
168 168
187 187
195 195
216 216
224 224
235 235
650 650
573 573
607 607
613 613
661 661
667 667
697 697
31 31
33 33
35 35
36 36
37 37
38 38
39 39
41 41
42 42
43 43
44 44
45 45
46 46
47 47
49 49
50 50
51 51
52 52
53 53
54 54
55 55
57 57
58 58
60 60
61 61
62 62
512 512
530 530
536 536
554 554
576 576
578 578
652 652
654 654
656 656
686 686
729 729
734 734
738 738
741 741
743 743
753 753
755 755
766 766
794 794
798 798
806 806
810 810
838 838
849 849
870 870
63 63
66 66
67 67
82 82
87 87
91 91
95 95
97 97
98 98
113 113
115 115
119 119
123 123
128 128
136 136
161 161
176 176
177 177
184 184
192 192
200 200
208 208
225 225
228 228
232 232
240 240
241 241
242 242
248 248
255 255
257 257
258 258
259 259
260 260
261 261
262 262
263 263
265 265
266 266
267 267
268 268
269 269
270 270
271 271
273 273
274 274
275 275
276 276
277 277
278 278
279 279
281 281
282 282
284 284
285 285
286 286
287 287
289 289
290 290
291 291
292 292
293 293
294 294
295 295
296 296
297 297
298 298
299 299
300 300
301 301
302 302
303 303
305 305
306 306
307 307
308 308
309 309
310 310
311 311
313 313
314 314
315 315
316 316
317 317
318 318
319 319
321 321
322 322
323 323
324 324
325 325
326 326
327 327
329 329
331 331
332 332
333 333
334 334
335 335
337 337
338 338
339 339
340 340
341 341
342 342
343 343
345 345
346 346
347 347
348 348
349 349
350 350
351 351
353 353
354 354
355 355
356 356
357 357
358 358
359 359
362 362
363 363
364 364
365 365
366 366
367 367
369 369
370 370
372 372
373 373
374 374
375 375
376 376
378 378
379 379
380 380
381 381
382 382
383 383
385 385
386 386
388 388
389 389
390 390
391 391
392 392
393 393
394 394
395 395
396 396
397 397
398 398
399 399
401 401
402 402
403 403
404 404
405 405
406 406
407 407
409 409
410 410
412 412
413 413
414 414
415 415
417 417
418 418
419 419
420 420
421 421
422 422
423 423
425 425
426 426
427 427
428 428
429 429
430 430
431 431
433 433
434 434
435 435
436 436
437 437
438 438
439 439
441 441
442 442
444 444
445 445
446 446
447 447
449 449
450 450
451 451
452 452
453 453
454 454
457 457
458 458
459 459
460 460
461 461
462 462
465 465
466 466
467 467
468 468
469 469
470 470
471 471
472 472
473 473
475 475
476 476
477 477
478 478
480 480
481 481
482 482
483 483
484 484
485 485
486 486
487 487
488 488
489 489
490 490
491 491
492 492
493 493
494 494
495 495
496 496
497 497
498 498
499 499
500 500
501 501
502 502
503 503
504 504
505 505
506 506
507 507
508 508
509 509
510 510
572 572
# 10 3 target:0 c+:3 c-:96 score:23.47172510734556 score+:7.8158029603595836 score-:87.61966832533449 nb:4 =l_2c_18 l_2c_9 l_2c_4 l_2c_13 
782 782
842 842
256 256
264 264
272 272
280 280
283 283
288 288
304 304
312 312
320 320
328 328
330 330
336 336
344 344
352 352
360 360
361 361
368 368
371 371
377 377
384 384
387 387
400 400
408 408
411 411
416 416
424 424
432 432
440 440
443 443
448 448
456 456
464 464
474 474
649 649
764 764
836 836
866 866
99 99
103 103
120 120
144 144
147 147
152 152
160 160
168 168
187 187
195 195
216 216
224 224
235 235
650 650
576 576
64 64
72 72
80 80
88 88
89 89
90 90
101 101
102 102
109 109
110 110
112 112
114 114
121 121
127 127
131 131
135 135
139 139
141 141
143 143
151 151
155 155
159 159
163 163
164 164
167 167
171 171
175 175
179 179
180 180
183 183
185 185
188 188
191 191
199 199
203 203
205 205
207 207
211 211
215 215
219 219
221 221
223 223
227 227
231 231
236 236
# 11 4 target:0 c+:3 c-:421 score:21.620348230611032 score+:8.209794014705171 score-:81.71897799878269 nb:4 =l_2c_1 l_2c_9 l_2c_4 l_2c_18 
782 782
842 842
256 256
264 264
272 272
280 280
283 283
288 288
304 304
312 312
320 320
328 328
330 330
336 336
344 344
352 352
360 360
361 361
368 368
371 371
377 377
384 384
387 387
400 400
408 408
411 411
416 416
424 424
432 432
440 440
443 443
448 448
456 456
464 464
474 474
649 649
764 764
836 836
866 866
99 99
103 103
120 120
144 144
147 147
152 152
160 160
168 168
187 187
195 195
216 216
224 224
235 235
650 650
576 576
63 63
66 66
67 67
82 82
87 87
91 91
95 95
97 97
98 98
113 113
115 115
119 119
123 123
128 128
136 136
161 161
176 176
177 177
184 184
192 192
200 200
208 208
225 225
228 228
232 232
240 240
241 241
242 242
248 248
255 255
257 257
258 258
259 259
260 260
261 261
262 262
263 263
265 265
266 266
267 267
268 268
269 269
270 270
271 271
273 273
274 274
275 275
276 276
277 277
278 278
279 279
281 281
282 282
284 284
285 285
286 286
287 287
289 289
290 290
291 291
292 292
293 293
294 294
295 295
296 296
297 297
298 298
299 299
300 300
301 301
302 302
303 303
305 305
306 306
307 307
308 308
309 309
310 310
311 311
313 313
314 314
315 315
316 316
317 317
318 318
319 319
321 321
322 322
323 323
324 324
325 325
326 326
327 327
329 329
331 331
332 332
333 333
334 334
335 335
337 337
338 338
339 339
340 340
341 341
342 342
343 343
345 345
346 346
347 347
348 348
349 349
350 350
351 351
353 353
354 354
355 355
356 356
357 357
358 358
359 359
362 362
363 363
364 364
365 365
366 366
367 367
369 369
370 370
372 372
373 373
374 374
375 375
376 376
378 378
379 379
380 380
381 381
382 382
383 383
385 385
386 386
388 388
389 389
390 390
391 391
392 392
393 393
394 394
395 395
396 396
397 397
398 398
399 399
401 401
402 402
403 403
404 404
405 405
406 406
407 407
409 409
410 410
412 412
413 413
414 414
415 415
417 417
418 418
419 419
420 420
421 421
422 422
423 423
425 425
426 426
427 427
428 428
429 429
430 430
431 431
433 433
434 434
435 435
436 436
437 437
438 438
439 439
441 441
442 442
444 444
445 445
446 446
447 447
449 449
450 450
451 451
452 452
453 453
454 454
457 457
458 458
459 459
460 460
461 461
462 462
465 465
466 466
467 467
468 468
469 469
470 470
471 471
472 472
473 473
475 475
476 476
477 477
478 478
480 480
481 481
482 482
483 483
484 484
485 485
486 486
487 487
488 488
489 489
490 490
491 491
492 492
493 493
494 494
495 495
496 496
497 497
498 498
499 499
500 500
501 501
502 502
503 503
504 504
505 505
506 506
507 507
508 508
509 509
510 510
572 572
65 65
68 68
69 69
70 70
71 71
73 73
74 74
75 75
76 76
77 77
78 78
79 79
80 80
83 83
84 84
85 85
86 86
88 88
89 89
92 92
93 93
100 100
101 101
102 102
106 106
107 107
108 108
109 109
110 110
111 111
112 112
114 114
116 116
117 117
118 118
121 121
124 124
125 125
126 126
129 129
130 130
132 132
133 133
134 134
137 137
138 138
139 139
140 140
141 141
142 142
145 145
146 146
148 148
149 149
150 150
153 153
154 154
156 156
157 157
158 158
162 162
163 163
164 164
165 165
166 166
169 169
170 170
171 171
172 172
173 173
174 174
178 178
181 181
182 182
185 185
186 186
189 189
190 190
193 193
194 194
196 196
197 197
198 198
201 201
202 202
204 204
206 206
209 209
210 210
211 211
212 212
213 213
214 214
217 217
218 218
220 220
222 222
226 226
227 227
229 229
230 230
233 233
234 234
237 237
238 238
239 239
243 243
244 244
245 245
246 246
247 247
249 249
250 250
251 251
252 252
253 253
254 254
455 455
463 463
479 479
# 12 5 target:0 c+:1 c-:388 score:10.090890044763963 score+:4.94430376819163 score-:51.36239797410586 nb:6 =l_2c_16 l_2c_9 l_2c_4 l_2c_18 l_2c_11 l_2c_1 
256 256
264 264
272 272
280 280
283 283
288 288
304 304
312 312
320 320
328 328
330 330
336 336
344 344
352 352
360 360
361 361
368 368
371 371
377 377
384 384
387 387
400 400
408 408
411 411
416 416
424 424
432 432
440 440
443 443
448 448
456 456
464 464
474 474
649 649
764 764
836 836
866 866
99 99
103 103
187 187
650 650
576 576
63 63
66 66
67 67
82 82
87 87
91 91
95 95
97 97
98 98
113 113
115 115
119 119
123 123
128 128
136 136
161 161
176 176
177 177
184 184
192 192
200 200
208 208
225 225
228 228
232 232
240 240
241 241
242 242
248 248
255 255
257 257
258 258
259 259
260 260
261 261
262 262
263 263
265 265
266 266
267 267
268 268
269 269
270 270
271 271
273 273
274 274
275 275
276 276
277 277
278 278
279 279
281 281
282 282
284 284
285 285
286 286
287 287
289 289
290 290
291 291
292 292
293 293
294 294
295 295
296 296
297 297
298 298
299 299
300 300
301 301
302 302
303 303
305 305
306 306
307 307
308 308
309 309
310 310
311 311
313 313
314 314
315 315
316 316
317 317
318 318
319 319
321 321
322 322
323 323
324 324
325 325
326 326
327 327
329 329
331 331
332 332
333 333
334 334
335 335
337 337
338 338
339 339
340 340
341 341
342 342
343 343
345 345
346 346
347 347
348 348
349 349
350 350
351 351
353 353
354 354
355 355
356 356
357 357
358 358
359 359
362 362
363 363
364 364
365 365
366 366
367 367
369 369
370 370
372 372
373 373
374 374
375 375
376 376
378 378
379 379
380 380
381 381
382 382
383 383
385 385
386 386
388 388
389 389
390 390
391 391
392 392
393 393
394 394
395 395
396 396
397 397
398 398
399 399
401 401
402 402
403 403
404 404
405 405
406 406
407 407
409 409
410 410
412 412
413 413
414 414
415 415
417 417
418 418
419 419
420 420
421 421
422 422
423 423
425 425
426 426
427 427
428 428
429 429
430 430
431 431
433 433
434 434
435 435
436 436
437 437
438 438
439 439
441 441
442 442
444 444
445 445
446 446
447 447
449 449
450 450
451 451
452 452
453 453
454 454
457 457
458 458
459 459
460 460
461 461
462 462
465 465
466 466
467 467
468 468
469 469
470 470
471 471
472 472
473 473
475 475
476 476
477 477
478 478
480 480
481 481
482 482
483 483
484 484
485 485
486 486
487 487
488 488
489 489
490 490
491 491
492 492
493 493
494 494
495 495
496 496
497 497
498 498
499 499
500 500
501 501
502 502
503 503
504 504
505 505
506 506
507 507
508 508
509 509
510 510
572 572
68 68
71 71
73 73
74 74
75 75
76 76
78 78
79 79
83 83
84 84
86 86
92 92
93 93
100 100
106 106
107 107
108 108
111 111
116 116
117 117
118 118
124 124
125 125
126 126
129 129
130 130
132 132
133 133
134 134
137 137
138 138
140 140
142 142
145 145
146 146
148 148
149 149
150 150
153 153
154 154
156 156
157 157
158 158
162 162
165 165
166 166
169 169
170 170
172 172
173 173
174 174
178 178
181 181
182 182
186 186
189 189
190 190
193 193
194 194
196 196
197 197
198 198
201 201
202 202
204 204
206 206
209 209
210 210
212 212
213 213
214 214
217 217
218 218
220 220
222 222
226 226
229 229
230 230
233 233
234 234
237 237
238 238
239 239
243 243
244 244
245 245
246 246
247 247
249 249
250 250
251 251
252 252
253 253
254 254
455 455
463 463
479 479
# 13 6 target:0 c+:6 c-:42 score:9.543314832207503 score+:42.26771647357554 score-:97.61894250037906 nb:8 =l_2c_12 l_2c_13 l_2c_10 l_2c_9 l_2c_5 l_2c_0 l_2c_2 l_2c_4 
782 782
842 842
685 685
861 861
64 64
72 72
81 81
90 90
94 94
104 104
105 105
122 122
127 127
131 131
135 135
139 139
141 141
143 143
151 151
155 155
159 159
163 163
164 164
167 167
171 171
175 175
179 179
180 180
183 183
185 185
188 188
191 191
199 199
203 203
205 205
207 207
211 211
215 215
219 219
221 221
223 223
227 227
231 231
236 236
651 651
657 657
687 687
860 860
# 14 0 target:1 c+:385 c-:4 score:729.9723682264712 score+:3382.885409124533 score-:25.0125152827659 nb:6 =l_2c_3 l_2c_13 l_2c_6 l_2c_19 l_2c_15 l_2c_12 
782 782
842 842
685 685
861 861
625 625
619 619
620 620
631 631
643 643
646 646
655 655
691 691
694 694
573 573
607 607
613 613
661 661
667 667
697 697
512 512
530 530
536 536
554 554
576 576
578 578
652 652
654 654
656 656
686 686
729 729
734 734
738 738
741 741
743 743
753 753
755 755
766 766
794 794
798 798
806 806
810 810
838 838
849 849
870 870
0 0
1 1
2 2
3 3
4 4
5 5
6 6
7 7
8 8
9 9
10 10
11 11
12 12
13 13
14 14
15 15
16 16
17 17
18 18
19 19
20 20
21 21
22 22
23 23
24 24
25 25
26 26
27 27
28 28
29 29
30 30
32 32
40 40
48 48
56 56
59 59
511 511
513 513
514 514
515 515
516 516
517 517
518 518
519 519
520 520
521 521
522 522
523 523
524 524
525 525
526 526
527 527
528 528
529 529
531 531
532 532
533 533
534 534
537 537
538 538
539 539
540 540
541 541
542 542
543 543
544 544
545 545
546 546
547 547
548 548
549 549
550 550
551 551
552 552
553 553
555 555
556 556
557 557
558 558
559 559
560 560
561 561
562 562
563 563
564 564
565 565
566 566
567 567
568 568
569 569
570 570
574 574
575 575
577 577
579 579
580 580
581 581
582 582
583 583
584 584
585 585
586 586
587 587
588 588
589 589
590 590
591 591
592 592
593 593
594 594
595 595
596 596
597 597
598 598
599 599
600 600
601 601
602 602
603 603
604 604
605 605
606 606
608 608
609 609
610 610
611 611
612 612
614 614
615 615
616 616
617 617
618 618
621 621
622 622
623 623
624 624
626 626
627 627
628 628
629 629
630 630
633 633
634 634
635 635
636 636
638 638
639 639
640 640
641 641
642 642
644 644
645 645
647 647
648 648
658 658
659 659
660 660
662 662
663 663
664 664
665 665
666 666
668 668
669 669
670 670
671 671
672 672
674 674
675 675
676 676
677 677
678 678
680 680
681 681
682 682
683 683
684 684
688 688
689 689
690 690
692 692
693 693
695 695
696 696
698 698
699 699
700 700
701 701
702 702
703 703
704 704
705 705
706 706
707 707
708 708
709 709
710 710
711 711
712 712
713 713
714 714
715 715
716 716
717 717
718 718
719 719
720 720
721 721
722 722
723 723
724 724
725 725
726 726
727 727
730 730
731 731
732 732
733 733
735 735
736 736
737 737
739 739
740 740
744 744
745 745
746 746
747 747
748 748
749 749
750 750
751 751
752 752
756 756
757 757
758 758
759 759
760 760
761 761
762 762
763 763
765 765
767 767
768 768
769 769
770 770
771 771
772 772
773 773
774 774
775 775
776 776
777 777
778 778
779 779
780 780
781 781
783 783
784 784
785 785
786 786
787 787
788 788
789 789
790 790
791 791
792 792
795 795
796 796
797 797
799 799
800 800
801 801
802 802
803 803
804 804
805 805
807 807
808 808
809 809
811 811
812 812
813 813
814 814
815 815
816 816
817 817
818 818
819 819
820 820
821 821
822 822
823 823
824 824
825 825
826 826
827 827
828 828
829 829
830 830
831 831
832 832
833 833
834 834
835 835
837 837
839 839
840 840
841 841
843 843
844 844
845 845
846 846
847 847
850 850
851 851
852 852
853 853
854 854
855 855
856 856
857 857
858 858
862 862
863 863
864 864
865 865
867 867
868 868
869 869
96 96
535 535
571 571
637 637
651 651
657 657
673 673
679 679
687 687
728 728
742 742
754 754
793 793
848 848
859 859
653 653
# 15 1 target:1 c+:370 c-:82 score:178.133502644439 score+:648.9152628037943 score-:150.1414553993651 nb:3 =l_2c_13 l_2c_7 l_2c_9 
782 782
842 842
685 685
861 861
256 256
264 264
272 272
280 280
283 283
288 288
304 304
312 312
320 320
328 328
330 330
336 336
344 344
352 352
360 360
361 361
368 368
371 371
377 377
384 384
387 387
400 400
408 408
411 411
416 416
424 424
432 432
440 440
443 443
448 448
456 456
464 464
474 474
649 649
764 764
836 836
866 866
625 625
619 619
620 620
631 631
632 632
643 643
646 646
655 655
691 691
694 694
99 99
103 103
120 120
144 144
147 147
152 152
160 160
168 168
187 187
195 195
216 216
224 224
235 235
650 650
573 573
607 607
613 613
661 661
667 667
697 697
31 31
33 33
35 35
36 36
37 37
38 38
39 39
41 41
42 42
43 43
44 44
45 45
46 46
47 47
49 49
50 50
51 51
52 52
53 53
54 54
55 55
57 57
58 58
60 60
61 61
62 62
512 512
530 530
536 536
554 554
576 576
578 578
652 652
654 654
656 656
686 686
729 729
734 734
738 738
741 741
743 743
753 753
755 755
766 766
794 794
798 798
806 806
810 810
838 838
849 849
870 870
0 0
1 1
2 2
3 3
4 4
5 5
6 6
7 7
8 8
9 9
10 10
11 11
12 12
13 13
14 14
15 15
16 16
17 17
18 18
19 19
20 20
21 21
22 22
23 23
24 24
25 25
26 26
27 27
28 28
29 29
30 30
32 32
34 34
40 40
48 48
56 56
59 59
511 511
513 513
514 514
515 515
516 516
517 517
518 518
519 519
520 520
521 521
522 522
523 523
524 524
525 525
526 526
527 527
528 528
529 529
531 531
532 532
533 533
534 534
537 537
538 538
539 539
540 540
541 541
542 542
543 543
544 544
545 545
546 546
547 547
548 548
549 549
550 550
551 551
552 552
553 553
555 555
556 556
557 557
558 558
559 559
560 560
561 561
562 562
563 563
564 564
565 565
566 566
567 567
568 568
569 569
570 570
574 574
575 575
577 577
579 579
580 580
581 581
582 582
583 583
584 584
585 585
586 586
587 587
588 588
589 589
590 590
591 591
592 592
593 593
594 594
595 595
596 596
597 597
598 598
599 599
600 600
601 601
602 602
603 603
604 604
605 605
606 606
608 608
609 609
610 610
611 611
612 612
614 614
615 615
616 616
617 617
618 618
621 621
622 622
623 623
624 624
626 626
627 627
628 628
629 629
630 630
633 633
634 634
635 635
636 636
638 638
639 639
640 640
641 641
642 642
644 644
645 645
647 647
648 648
658 658
659 659
660 660
662 662
663 663
664 664
665 665
666 666
668 668
669 669
670 670
671 671
672 672
674 674
675 675
676 676
677 677
678 678
680 680
681 681
682 682
683 683
684 684
688 688
689 689
690 690
692 692
693 693
695 695
696 696
698 698
699 699
700 700
701 701
702 702
703 703
704 704
705 705
706 706
707 707
708 708
709 709
710 710
711 711
712 712
713 713
714 714
715 715
716 716
717 717
718 718
719 719
720 720
721 721
722 722
723 723
724 724
725 725
726 726
727 727
730 730
731 731
732 732
733 733
735 735
736 736
737 737
739 739
740 740
744 744
745 745
746 746
747 747
748 748
749 749
750 750
751 751
752 752
756 756
757 757
758 758
759 759
760 760
761 761
762 762
763 763
765 765
767 767
768 768
769 769
770 770
771 771
772 772
773 773
774 774
775 775
776 776
777 777
778 778
779 779
780 780
781 781
783 783
784 784
785 785
786 786
787 787
788 788
789 789
790 790
791 791
792 792
795 795
796 796
797 797
799 799
800 800
801 801
802 802
803 803
804 804
805 805
807 807
808 808
809 809
811 811
812 812
813 813
814 814
815 815
816 816
817 817
818 818
819 819
820 820
821 821
822 822
823 823
824 824
825 825
826 826
827 827
828 828
829 829
830 830
831 831
832 832
833 833
834 834
835 835
837 837
839 839
840 840
841 841
843 843
844 844
845 845
846 846
847 847
850 850
851 851
852 852
853 853
854 854
855 855
856 856
857 857
858 858
862 862
863 863
864 864
865 865
867 867
868 868
869 869
# 16 2 target:1 c+:20 c-:1 score:7.497789267778165 score+:45.152704594322316 score-:6.16420040187586 nb:7 =l_2c_15 l_2c_13 l_2c_1 l_2c_9 l_2c_4 l_2c_6 l_2c_12 
782 782
842 842
685 685
861 861
646 646
655 655
607 607
613 613
661 661
667 667
697 697
512 512
530 530
536 536
554 554
576 576
578 578
652 652
656 656
686 686
94 94
