# 0 0 target:0 c+:4 c-:170 score:228.11045919508751 score+:32.02449956761291 score-:1902.53026496733 nb:12 =l_0c_6 l_0c_17 l_0c_14 l_0c_4 l_0c_1 l_0c_9 l_0c_19 l_0c_5 l_0c_11 l_0c_15 l_0c_3 l_0c_7 
44 44
53 53
57 57
70 70
73 73
77 77
80 80
88 88
90 90
98 98
100 100
102 102
110 110
117 117
122 122
124 124
131 131
133 133
136 136
141 141
142 142
143 143
149 149
150 150
151 151
154 154
157 157
158 158
159 159
162 162
168 168
170 170
173 173
174 174
175 175
176 176
178 178
181 181
182 182
183 183
185 185
186 186
187 187
191 191
195 195
200 200
203 203
206 206
207 207
208 208
209 209
210 210
211 211
212 212
214 214
215 215
216 216
218 218
220 220
221 221
223 223
224 224
227 227
229 229
230 230
231 231
232 232
237 237
243 243
249 249
250 250
252 252
258 258
259 259
261 261
263 263
264 264
266 266
269 269
275 275
277 277
281 281
284 284
287 287
289 289
290 290
291 291
294 294
296 296
393 393
394 394
434 434
459 459
494 494
584 584
649 649
58 58
69 69
85 85
89 89
91 91
97 97
104 104
118 118
121 121
126 126
145 145
146 146
152 152
179 179
180 180
190 190
193 193
199 199
226 226
236 236
238 238
246 246
251 251
255 255
257 257
260 260
270 270
272 272
276 276
280 280
283 283
285 285
286 286
288 288
293 293
32 32
35 35
64 64
101 101
132 132
148 148
161 161
163 163
166 166
172 172
184 184
188 188
194 194
196 196
197 197
202 202
205 205
217 217
233 233
239 239
240 240
241 241
244 244
245 245
247 247
248 248
253 253
256 256
262 262
265 265
267 267
268 268
271 271
273 273
274 274
278 278
279 279
282 282
292 292
295 295
297 297
298 298
299 299
# 1 1 target:0 c+:5 c-:136 score:9.852525900433191 score+:27.01904629014833 score-:95.98672759318065 nb:10 =l_0c_6 l_0c_17 l_0c_15 l_0c_4 l_0c_1 l_0c_9 l_0c_19 l_0c_5 l_0c_11 l_0c_0 
44 44
53 53
57 57
70 70
71 71
73 73
77 77
80 80
88 88
90 90
98 98
100 100
102 102
106 106
110 110
117 117
120 120
122 122
124 124
129 129
130 130
131 131
133 133
136 136
141 141
142 142
143 143
147 147
149 149
150 150
151 151
154 154
157 157
158 158
159 159
162 162
165 165
168 168
170 170
173 173
174 174
175 175
176 176
178 178
181 181
182 182
183 183
185 185
186 186
187 187
191 191
192 192
195 195
200 200
203 203
206 206
207 207
208 208
209 209
210 210
211 211
212 212
214 214
215 215
216 216
218 218
220 220
221 221
223 223
224 224
227 227
229 229
230 230
231 231
232 232
234 234
237 237
242 242
243 243
249 249
250 250
252 252
258 258
259 259
261 261
263 263
264 264
266 266
269 269
275 275
277 277
281 281
284 284
287 287
289 289
290 290
291 291
294 294
296 296
393 393
394 394
434 434
459 459
494 494
584 584
649 649
58 58
69 69
85 85
89 89
91 91
97 97
104 104
118 118
121 121
126 126
145 145
146 146
152 152
179 179
180 180
190 190
193 193
199 199
226 226
236 236
238 238
246 246
251 251
255 255
257 257
260 260
270 270
272 272
276 276
280 280
283 283
285 285
286 286
288 288
293 293
# 2 0 target:1 c+:314 c-:83 score:130.06567513343526 score+:1550.606646470515 score-:562.1075154564073 nb:11 =l_0c_6 l_0c_17 l_0c_10 l_0c_0 l_0c_18 l_0c_8 l_0c_13 l_0c_2 l_0c_12 l_0c_16 l_0c_4 
160 160
312 312
392 392
397 397
467 467
477 477
502 502
507 507
512 512
582 582
632 632
652 652
667 667
140 140
164 164
204 204
219 219
303 303
308 308
317 317
318 318
323 323
328 328
333 333
338 338
343 343
348 348
353 353
363 363
368 368
373 373
378 378
383 383
388 388
403 403
408 408
413 413
418 418
423 423
428 428
432 432
433 433
438 438
443 443
448 448
453 453
457 457
458 458
463 463
473 473
483 483
488 488
498 498
518 518
523 523
528 528
533 533
538 538
543 543
548 548
553 553
558 558
568 568
573 573
578 578
588 588
593 593
598 598
603 603
608 608
613 613
618 618
623 623
638 638
643 643
658 658
663 663
673 673
678 678
683 683
688 688
693 693
698 698
108 108
0 0
2 2
14 14
21 21
23 23
24 24
25 25
26 26
27 27
28 28
29 29
31 31
33 33
36 36
40 40
41 41
45 45
47 47
48 48
49 49
50 50
52 52
54 54
55 55
56 56
60 60
61 61
63 63
66 66
67 67
72 72
75 75
76 76
78 78
82 82
83 83
86 86
87 87
92 92
93 93
94 94
95 95
96 96
99 99
103 103
107 107
109 109
111 111
112 112
113 113
114 114
115 115
116 116
119 119
123 123
125 125
127 127
128 128
134 134
135 135
137 137
138 138
139 139
144 144
155 155
156 156
167 167
171 171
177 177
198 198
201 201
213 213
222 222
228 228
254 254
300 300
301 301
302 302
305 305
306 306
307 307
310 310
311 311
313 313
315 315
316 316
319 319
320 320
321 321
322 322
325 325
326 326
327 327
330 330
331 331
332 332
335 335
336 336
337 337
340 340
341 341
342 342
345 345
346 346
347 347
350 350
351 351
352 352
355 355
356 356
357 357
360 360
361 361
362 362
365 365
366 366
367 367
370 370
371 371
372 372
375 375
376 376
377 377
380 380
381 381
382 382
385 385
386 386
387 387
390 390
391 391
395 395
396 396
398 398
400 400
401 401
402 402
405 405
406 406
407 407
410 410
411 411
412 412
415 415
416 416
417 417
420 420
421 421
422 422
425 425
426 426
427 427
430 430
431 431
435 435
436 436
437 437
440 440
441 441
442 442
445 445
446 446
447 447
450 450
451 451
452 452
455 455
456 456
460 460
461 461
462 462
465 465
466 466
468 468
470 470
471 471
472 472
475 475
476 476
478 478
480 480
481 481
482 482
485 485
486 486
487 487
490 490
491 491
492 492
495 495
496 496
497 497
500 500
501 501
503 503
505 505
506 506
508 508
510 510
511 511
513 513
515 515
516 516
517 517
520 520
521 521
522 522
525 525
526 526
527 527
530 530
531 531
532 532
534 534
535 535
536 536
537 537
540 540
541 541
542 542
545 545
546 546
547 547
550 550
551 551
552 552
555 555
556 556
557 557
560 560
561 561
562 562
565 565
566 566
567 567
570 570
571 571
572 572
575 575
576 576
577 577
580 580
581 581
583 583
585 585
586 586
587 587
590 590
591 591
592 592
595 595
596 596
597 597
600 600
601 601
602 602
605 605
606 606
607 607
610 610
611 611
612 612
615 615
616 616
617 617
620 620
621 621
622 622
625 625
626 626
627 627
630 630
631 631
633 633
635 635
636 636
637 637
640 640
641 641
642 642
645 645
646 646
647 647
650 650
651 651
653 653
655 655
656 656
657 657
660 660
661 661
662 662
665 665
666 666
668 668
670 670
671 671
672 672
675 675
676 676
677 677
680 680
681 681
682 682
685 685
686 686
687 687
690 690
691 691
692 692
695 695
696 696
697 697
# 3 1 target:1 c+:75 c-:3 score:51.42420655270897 score+:411.46138852134993 score-:20.637418720761872 nb:11 =l_0c_6 l_0c_17 l_0c_11 l_0c_4 l_0c_1 l_0c_9 l_0c_19 l_0c_5 l_0c_8 l_0c_0 l_0c_18 
51 51
189 189
304 304
309 309
314 314
324 324
329 329
334 334
339 339
344 344
349 349
354 354
358 358
359 359
364 364
369 369
374 374
379 379
384 384
389 389
399 399
404 404
409 409
414 414
419 419
424 424
429 429
439 439
444 444
449 449
454 454
464 464
469 469
474 474
479 479
484 484
489 489
499 499
504 504
509 509
514 514
519 519
524 524
529 529
539 539
544 544
549 549
554 554
559 559
563 563
564 564
569 569
574 574
579 579
589 589
594 594
599 599
604 604
609 609
614 614
619 619
624 624
628 628
629 629
634 634
639 639
644 644
654 654
659 659
664 664
669 669
674 674
679 679
684 684
689 689
694 694
699 699
74 74
# 4 2 target:1 c+:154 c-:16 score:17.662422204376064 score+:152.84962303766156 score-:39.81012092965475 nb:9 =l_0c_6 l_0c_17 l_0c_9 l_0c_4 l_0c_1 l_0c_13 l_0c_0 l_0c_18 l_0c_8 
160 160
312 312
392 392
397 397
467 467
477 477
502 502
507 507
512 512
582 582
632 632
652 652
667 667
140 140
164 164
204 204
219 219
303 303
308 308
317 317
318 318
323 323
328 328
333 333
338 338
343 343
348 348
353 353
363 363
368 368
373 373
378 378
383 383
388 388
403 403
408 408
413 413
418 418
423 423
428 428
432 432
433 433
438 438
443 443
448 448
453 453
457 457
458 458
463 463
473 473
483 483
488 488
498 498
518 518
523 523
528 528
533 533
538 538
543 543
548 548
553 553
558 558
568 568
573 573
578 578
588 588
593 593
598 598
603 603
608 608
613 613
618 618
623 623
638 638
643 643
658 658
663 663
673 673
678 678
683 683
688 688
693 693
698 698
34 34
62 62
79 79
81 81
153 153
169 169
225 225
235 235
493 493
648 648
51 51
189 189
304 304
309 309
314 314
324 324
329 329
334 334
339 339
344 344
349 349
354 354
358 358
359 359
364 364
369 369
374 374
379 379
384 384
389 389
399 399
404 404
409 409
414 414
419 419
424 424
429 429
439 439
444 444
449 449
454 454
464 464
469 469
474 474
479 479
484 484
489 489
499 499
504 504
509 509
514 514
519 519
524 524
529 529
539 539
544 544
549 549
554 554
559 559
563 563
564 564
569 569
574 574
579 579
589 589
594 594
599 599
604 604
609 609
614 614
619 619
624 624
628 628
629 629
634 634
639 639
644 644
654 654
659 659
664 664
669 669
674 674
679 679
684 684
689 689
694 694
699 699
# 5 3 target:1 c+:11 c-:2 score:0.18849613252727093 score+:8.895682820726021 score-:7.123819174969675 nb:14 =l_0c_6 l_0c_17 l_0c_19 l_0c_4 l_0c_1 l_0c_9 l_0c_10 l_0c_0 l_0c_18 l_0c_8 l_0c_13 l_0c_2 l_0c_12 l_0c_16 
160 160
312 312
392 392
397 397
467 467
477 477
502 502
507 507
512 512
582 582
632 632
652 652
667 667
# 6 0 target:0 c+:2 c-:288 score:243.26563930456146 score+:9.986725333121376 score-:2150.7243512132613 nb:13 =l_1c_13 l_1c_10 l_1c_18 l_1c_3 l_1c_15 l_1c_8 l_1c_9 l_1c_12 l_1c_5 l_1c_6 l_1c_0 l_1c_16 l_1c_19 
0 0
1 1
2 2
3 3
4 4
5 5
6 6
7 7
8 8
9 9
10 10
11 11
12 12
13 13
14 14
15 15
16 16
17 17
18 18
19 19
20 20
22 22
24 24
25 25
28 28
29 29
30 30
31 31
34 34
37 37
38 38
39 39
40 40
43 43
44 44
45 45
46 46
49 49
50 50
51 51
52 52
53 53
54 54
56 56
58 58
59 59
61 61
62 62
65 65
66 66
68 68
70 70
72 72
74 74
75 75
76 76
77 77
78 78
79 79
82 82
83 83
84 84
86 86
89 89
90 90
92 92
94 94
95 95
96 96
99 99
100 100
103 103
105 105
106 106
107 107
109 109
111 111
112 112
115 115
117 117
118 118
119 119
122 122
123 123
124 124
125 125
127 127
128 128
129 129
131 131
134 134
136 136
137 137
138 138
139 139
140 140
143 143
144 144
147 147
149 149
150 150
151 151
153 153
154 154
155 155
158 158
160 160
162 162
167 167
168 168
169 169
171 171
173 173
175 175
176 176
177 177
183 183
187 187
189 189
192 192
198 198
200 200
204 204
206 206
207 207
212 212
213 213
218 218
220 220
223 223
224 224
229 229
230 230
232 232
234 234
235 235
242 242
243 243
249 249
254 254
258 258
259 259
263 263
266 266
269 269
276 276
277 277
282 282
284 284
291 291
294 294
298 298
390 390
434 434
459 459
510 510
580 580
47 47
133 133
182 182
21 21
23 23
26 26
27 27
33 33
35 35
41 41
42 42
48 48
55 55
60 60
63 63
64 64
67 67
73 73
80 80
81 81
88 88
91 91
93 93
97 97
98 98
102 102
104 104
108 108
110 110
113 113
114 114
116 116
121 121
126 126
135 135
142 142
145 145
152 152
156 156
157 157
159 159
164 164
170 170
172 172
178 178
181 181
185 185
191 191
193 193
194 194
195 195
197 197
199 199
201 201
203 203
208 208
211 211
214 214
216 216
217 217
221 221
222 222
225 225
226 226
227 227
231 231
236 236
237 237
238 238
239 239
241 241
245 245
246 246
248 248
250 250
252 252
255 255
257 257
267 267
268 268
270 270
278 278
280 280
281 281
283 283
285 285
289 289
292 292
293 293
296 296
299 299
179 179
190 190
32 32
36 36
69 69
87 87
101 101
132 132
141 141
146 146
148 148
161 161
163 163
166 166
174 174
180 180
184 184
188 188
196 196
202 202
205 205
210 210
233 233
240 240
244 244
247 247
251 251
253 253
256 256
260 260
261 261
262 262
265 265
271 271
272 272
273 273
274 274
275 275
279 279
286 286
288 288
297 297
# 7 1 target:0 c+:37 c-:214 score:59.3609339605572 score+:116.61930124607503 score-:354.0630370883038 nb:5 =l_1c_14 l_1c_18 l_1c_3 l_1c_7 l_1c_11 
0 0
1 1
2 2
3 3
4 4
5 5
6 6
7 7
8 8
9 9
10 10
11 11
12 12
13 13
14 14
15 15
16 16
17 17
18 18
19 19
20 20
22 22
24 24
25 25
28 28
29 29
30 30
31 31
34 34
37 37
38 38
39 39
40 40
43 43
44 44
45 45
46 46
49 49
50 50
51 51
52 52
53 53
54 54
56 56
58 58
59 59
61 61
62 62
65 65
68 68
70 70
71 71
72 72
74 74
75 75
76 76
77 77
78 78
79 79
82 82
83 83
84 84
86 86
89 89
90 90
92 92
94 94
95 95
96 96
99 99
100 100
103 103
105 105
106 106
107 107
109 109
111 111
112 112
115 115
117 117
118 118
119 119
122 122
123 123
124 124
125 125
127 127
128 128
129 129
131 131
134 134
136 136
137 137
138 138
139 139
140 140
143 143
144 144
147 147
149 149
150 150
151 151
153 153
154 154
155 155
158 158
160 160
162 162
167 167
168 168
169 169
171 171
173 173
176 176
177 177
189 189
192 192
198 198
200 200
204 204
206 206
207 207
213 213
218 218
220 220
223 223
224 224
229 229
230 230
232 232
234 234
235 235
242 242
243 243
249 249
254 254
258 258
259 259
263 263
264 264
266 266
269 269
276 276
277 277
282 282
284 284
290 290
291 291
294 294
295 295
298 298
390 390
392 392
393 393
394 394
415 415
434 434
459 459
470 470
510 510
520 520
535 535
565 565
580 580
590 590
600 600
645 645
650 650
660 660
685 685
395 395
570 570
625 625
695 695
219 219
391 391
450 450
495 495
550 550
581 581
605 605
610 610
500 500
515 515
620 620
23 23
26 26
27 27
33 33
41 41
42 42
48 48
55 55
60 60
63 63
67 67
73 73
80 80
93 93
97 97
98 98
113 113
114 114
116 116
135 135
142 142
156 156
157 157
164 164
170 170
178 178
181 181
191 191
193 193
194 194
197 197
201 201
211 211
214 214
217 217
221 221
222 222
225 225
226 226
238 238
239 239
241 241
245 245
248 248
255 255
257 257
278 278
280 280
283 283
285 285
289 289
292 292
293 293
296 296
299 299
179 179
190 190
355 355
370 370
385 385
545 545
555 555
560 560
575 575
615 615
690 690
# 8 2 target:0 c+:9 c-:169 score:14.434579199571072 score+:44.91063909025193 score-:171.93493604647733 nb:13 =l_1c_0 l_1c_10 l_1c_9 l_1c_6 l_1c_18 l_1c_3 l_1c_15 l_1c_12 l_1c_5 l_1c_8 l_1c_2 l_1c_7 l_1c_1 
0 0
1 1
2 2
3 3
4 4
5 5
6 6
7 7
8 8
9 9
10 10
11 11
12 12
13 13
14 14
15 15
16 16
17 17
18 18
19 19
20 20
22 22
24 24
25 25
28 28
29 29
30 30
31 31
34 34
37 37
38 38
39 39
40 40
43 43
44 44
45 45
46 46
49 49
50 50
51 51
52 52
53 53
54 54
56 56
58 58
59 59
61 61
62 62
65 65
66 66
68 68
70 70
71 71
72 72
74 74
75 75
76 76
77 77
78 78
79 79
82 82
83 83
84 84
85 85
86 86
89 89
90 90
92 92
94 94
95 95
96 96
99 99
100 100
103 103
105 105
106 106
107 107
109 109
111 111
112 112
115 115
117 117
118 118
119 119
122 122
123 123
124 124
125 125
127 127
128 128
129 129
131 131
134 134
136 136
137 137
138 138
139 139
140 140
143 143
144 144
147 147
149 149
150 150
151 151
153 153
154 154
155 155
158 158
160 160
162 162
167 167
168 168
169 169
171 171
173 173
175 175
176 176
177 177
183 183
187 187
189 189
192 192
198 198
200 200
204 204
206 206
207 207
212 212
213 213
218 218
220 220
223 223
224 224
228 228
229 229
230 230
232 232
234 234
235 235
242 242
243 243
249 249
254 254
258 258
259 259
263 263
264 264
266 266
269 269
276 276
277 277
282 282
284 284
290 290
291 291
294 294
295 295
298 298
390 390
392 392
393 393
394 394
434 434
459 459
510 510
520 520
580 580
600 600
650 650
47 47
57 57
120 120
133 133
182 182
215 215
494 494
584 584
649 649
# 9 3 target:0 c+:8 c-:52 score:9.189095136311904 score+:19.6561989240872 score-:50.89912238754768 nb:4 =l_1c_4 l_1c_19 l_1c_10 l_1c_18 
47 47
133 133
215 215
430 430
455 455
491 491
646 646
456 456
21 21
23 23
64 64
81 81
88 88
108 108
110 110
195 195
216 216
468 468
653 653
32 32
36 36
69 69
87 87
101 101
132 132
141 141
146 146
148 148
161 161
163 163
166 166
174 174
180 180
184 184
188 188
196 196
202 202
205 205
210 210
233 233
240 240
244 244
247 247
251 251
253 253
256 256
260 260
261 261
262 262
265 265
271 271
272 272
273 273
274 274
275 275
279 279
286 286
288 288
297 297
316 316
# 10 0 target:1 c+:268 c-:56 score:204.6123410748992 score+:381.9482515398139 score-:54.56850581997515 nb:1 =l_1c_4 
47 47
120 120
130 130
133 133
186 186
215 215
430 430
455 455
491 491
646 646
431 431
456 456
561 561
301 301
306 306
310 310
321 321
326 326
331 331
336 336
341 341
346 346
351 351
356 356
357 357
361 361
366 366
371 371
376 376
381 381
386 386
401 401
406 406
411 411
416 416
421 421
426 426
436 436
441 441
446 446
451 451
461 461
465 465
471 471
475 475
481 481
486 486
490 490
496 496
505 505
516 516
521 521
526 526
536 536
541 541
546 546
551 551
556 556
562 562
566 566
571 571
576 576
586 586
591 591
596 596
601 601
606 606
611 611
616 616
621 621
626 626
627 627
630 630
636 636
641 641
656 656
661 661
671 671
676 676
681 681
686 686
691 691
696 696
21 21
23 23
64 64
81 81
88 88
108 108
110 110
195 195
209 209
216 216
468 468
653 653
32 32
36 36
69 69
87 87
101 101
132 132
141 141
146 146
148 148
161 161
163 163
166 166
174 174
180 180
184 184
188 188
196 196
202 202
205 205
210 210
233 233
240 240
244 244
247 247
251 251
253 253
256 256
260 260
261 261
262 262
265 265
271 271
272 272
273 273
274 274
275 275
279 279
286 286
288 288
297 297
316 316
302 302
303 303
307 307
308 308
315 315
319 319
322 322
323 323
327 327
328 328
332 332
333 333
337 337
338 338
342 342
343 343
347 347
348 348
352 352
353 353
362 362
363 363
367 367
368 368
372 372
373 373
377 377
378 378
382 382
383 383
387 387
388 388
402 402
403 403
407 407
408 408
412 412
413 413
417 417
418 418
422 422
423 423
427 427
428 428
437 437
438 438
442 442
443 443
447 447
448 448
452 452
453 453
462 462
463 463
472 472
473 473
482 482
483 483
487 487
488 488
497 497
498 498
517 517
518 518
522 522
523 523
527 527
528 528
530 530
531 531
532 532
533 533
534 534
537 537
538 538
542 542
543 543
547 547
548 548
552 552
553 553
557 557
558 558
567 567
568 568
572 572
573 573
577 577
578 578
587 587
588 588
592 592
593 593
597 597
598 598
602 602
603 603
607 607
608 608
612 612
613 613
617 617
618 618
622 622
623 623
637 637
638 638
642 642
643 643
657 657
658 658
662 662
663 663
672 672
673 673
677 677
678 678
682 682
683 683
687 687
688 688
692 692
693 693
697 697
698 698
300 300
305 305
312 312
313 313
317 317
318 318
320 320
325 325
330 330
335 335
340 340
345 345
350 350
360 360
365 365
375 375
380 380
397 397
398 398
400 400
405 405
410 410
420 420
425 425
432 432
433 433
440 440
445 445
457 457
458 458
460 460
467 467
477 477
478 478
480 480
485 485
492 492
493 493
502 502
503 503
507 507
508 508
512 512
513 513
525 525
540 540
582 582
583 583
585 585
595 595
632 632
633 633
635 635
640 640
647 647
648 648
652 652
655 655
665 665
667 667
668 668
670 670
680 680
# 11 1 target:1 c+:237 c-:172 score:187.73649784702351 score+:936.7246227861547 score-:185.77863139806058 nb:5 =l_1c_2 l_1c_1 l_1c_18 l_1c_7 l_1c_3 
0 0
1 1
2 2
3 3
4 4
5 5
6 6
7 7
8 8
9 9
10 10
11 11
12 12
13 13
14 14
15 15
16 16
17 17
18 18
19 19
20 20
22 22
24 24
25 25
28 28
29 29
30 30
31 31
34 34
37 37
38 38
39 39
40 40
43 43
44 44
45 45
46 46
49 49
50 50
51 51
52 52
53 53
54 54
56 56
58 58
59 59
61 61
62 62
65 65
66 66
68 68
70 70
71 71
72 72
74 74
75 75
76 76
77 77
78 78
79 79
82 82
83 83
84 84
85 85
86 86
89 89
90 90
92 92
94 94
95 95
96 96
99 99
100 100
103 103
105 105
106 106
107 107
109 109
111 111
112 112
115 115
117 117
118 118
119 119
122 122
123 123
124 124
125 125
127 127
128 128
129 129
131 131
134 134
136 136
137 137
138 138
139 139
140 140
143 143
144 144
147 147
149 149
150 150
151 151
153 153
154 154
155 155
158 158
160 160
162 162
167 167
168 168
169 169
171 171
173 173
175 175
176 176
177 177
183 183
187 187
189 189
192 192
198 198
200 200
204 204
206 206
207 207
212 212
213 213
218 218
220 220
223 223
224 224
228 228
229 229
230 230
232 232
234 234
235 235
242 242
243 243
249 249
254 254
258 258
259 259
263 263
264 264
266 266
269 269
276 276
277 277
282 282
284 284
290 290
291 291
294 294
295 295
298 298
390 390
392 392
393 393
394 394
415 415
434 434
459 459
470 470
510 510
520 520
535 535
565 565
580 580
590 590
600 600
645 645
650 650
660 660
685 685
395 395
570 570
625 625
695 695
165 165
219 219
304 304
309 309
314 314
324 324
329 329
334 334
344 344
349 349
354 354
358 358
359 359
369 369
379 379
391 391
399 399
424 424
444 444
450 450
469 469
479 479
495 495
509 509
550 550
564 564
581 581
605 605
610 610
628 628
629 629
47 47
57 57
120 120
130 130
133 133
182 182
186 186
215 215
430 430
455 455
491 491
494 494
584 584
646 646
649 649
431 431
456 456
500 500
515 515
561 561
620 620
301 301
306 306
310 310
321 321
326 326
331 331
336 336
341 341
346 346
351 351
356 356
357 357
361 361
366 366
371 371
376 376
381 381
386 386
401 401
406 406
411 411
416 416
421 421
426 426
436 436
441 441
446 446
451 451
461 461
465 465
471 471
475 475
481 481
486 486
490 490
496 496
505 505
516 516
521 521
526 526
536 536
541 541
546 546
551 551
556 556
562 562
566 566
571 571
576 576
586 586
591 591
596 596
601 601
606 606
611 611
616 616
621 621
626 626
627 627
630 630
636 636
641 641
656 656
661 661
671 671
676 676
681 681
686 686
691 691
696 696
300 300
305 305
311 311
320 320
325 325
330 330
335 335
339 339
340 340
345 345
350 350
355 355
360 360
364 364
365 365
370 370
374 374
375 375
380 380
384 384
385 385
389 389
396 396
400 400
404 404
405 405
409 409
410 410
414 414
419 419
420 420
425 425
429 429
435 435
439 439
440 440
445 445
449 449
454 454
460 460
464 464
466 466
474 474
476 476
480 480
484 484
485 485
489 489
499 499
501 501
504 504
506 506
511 511
514 514
519 519
524 524
525 525
529 529
539 539
540 540
544 544
545 545
549 549
554 554
555 555
559 559
560 560
563 563
569 569
574 574
575 575
579 579
585 585
589 589
594 594
595 595
599 599
604 604
609 609
614 614
615 615
619 619
624 624
631 631
634 634
635 635
639 639
640 640
644 644
651 651
654 654
655 655
659 659
664 664
665 665
666 666
669 669
670 670
674 674
675 675
679 679
684 684
689 689
690 690
694 694
699 699
# 12 2 target:1 c+:259 c-:304 score:108.34494660333023 score+:224.45853207712315 score-:51.10661751179476 nb:1 =l_1c_10 
0 0
1 1
2 2
3 3
4 4
5 5
6 6
7 7
8 8
9 9
10 10
11 11
12 12
13 13
14 14
15 15
16 16
17 17
18 18
19 19
20 20
22 22
24 24
25 25
28 28
29 29
30 30
31 31
34 34
37 37
38 38
39 39
40 40
43 43
44 44
45 45
46 46
49 49
50 50
51 51
52 52
53 53
54 54
56 56
58 58
59 59
61 61
62 62
65 65
66 66
68 68
70 70
71 71
72 72
74 74
75 75
76 76
77 77
78 78
79 79
82 82
83 83
84 84
85 85
86 86
89 89
90 90
92 92
94 94
95 95
96 96
99 99
100 100
103 103
105 105
106 106
107 107
109 109
111 111
112 112
115 115
117 117
118 118
119 119
122 122
123 123
124 124
125 125
127 127
128 128
129 129
131 131
134 134
136 136
137 137
138 138
139 139
140 140
143 143
144 144
147 147
149 149
150 150
151 151
153 153
154 154
155 155
158 158
160 160
162 162
167 167
168 168
169 169
171 171
173 173
175 175
176 176
177 177
183 183
187 187
189 189
192 192
198 198
200 200
204 204
206 206
207 207
212 212
213 213
218 218
220 220
223 223
224 224
228 228
229 229
230 230
232 232
234 234
235 235
242 242
243 243
249 249
254 254
258 258
259 259
263 263
264 264
266 266
269 269
276 276
277 277
282 282
284 284
290 290
291 291
294 294
295 295
298 298
390 390
392 392
393 393
394 394
415 415
434 434
459 459
470 470
510 510
520 520
535 535
565 565
580 580
590 590
600 600
645 645
650 650
660 660
685 685
395 395
570 570
625 625
695 695
165 165
219 219
304 304
309 309
314 314
324 324
329 329
334 334
344 344
349 349
354 354
358 358
359 359
369 369
379 379
391 391
399 399
424 424
444 444
450 450
469 469
479 479
495 495
509 509
550 550
564 564
581 581
605 605
610 610
628 628
629 629
47 47
57 57
120 120
130 130
133 133
182 182
186 186
215 215
430 430
455 455
491 491
494 494
584 584
646 646
649 649
431 431
456 456
500 500
515 515
561 561
620 620
301 301
306 306
310 310
321 321
326 326
331 331
336 336
341 341
346 346
351 351
356 356
357 357
361 361
366 366
371 371
376 376
381 381
386 386
401 401
406 406
411 411
416 416
421 421
426 426
436 436
441 441
446 446
451 451
461 461
465 465
471 471
475 475
481 481
486 486
490 490
496 496
505 505
516 516
521 521
526 526
536 536
541 541
546 546
551 551
556 556
562 562
566 566
571 571
576 576
586 586
591 591
596 596
601 601
606 606
611 611
616 616
621 621
626 626
627 627
630 630
636 636
641 641
656 656
661 661
671 671
676 676
681 681
686 686
691 691
696 696
21 21
23 23
26 26
27 27
33 33
35 35
41 41
42 42
48 48
55 55
60 60
63 63
64 64
67 67
73 73
80 80
81 81
88 88
91 91
93 93
97 97
98 98
102 102
104 104
108 108
110 110
113 113
114 114
116 116
121 121
126 126
135 135
142 142
145 145
152 152
156 156
157 157
159 159
164 164
170 170
172 172
178 178
181 181
185 185
191 191
193 193
194 194
195 195
197 197
199 199
201 201
203 203
208 208
209 209
211 211
214 214
216 216
217 217
221 221
222 222
225 225
226 226
227 227
231 231
236 236
237 237
238 238
239 239
241 241
245 245
246 246
248 248
250 250
252 252
255 255
257 257
267 267
268 268
270 270
278 278
280 280
281 281
283 283
285 285
289 289
292 292
293 293
296 296
299 299
179 179
190 190
287 287
468 468
653 653
32 32
36 36
69 69
87 87
101 101
132 132
141 141
146 146
148 148
161 161
163 163
166 166
174 174
180 180
184 184
188 188
196 196
202 202
205 205
210 210
233 233
240 240
244 244
247 247
251 251
253 253
256 256
260 260
261 261
262 262
265 265
271 271
272 272
273 273
274 274
275 275
279 279
286 286
288 288
297 297
316 316
302 302
303 303
307 307
308 308
315 315
319 319
322 322
323 323
327 327
328 328
332 332
333 333
337 337
338 338
342 342
343 343
347 347
348 348
352 352
353 353
362 362
363 363
367 367
368 368
372 372
373 373
377 377
378 378
382 382
383 383
387 387
388 388
402 402
403 403
407 407
408 408
412 412
413 413
417 417
418 418
422 422
423 423
427 427
428 428
437 437
438 438
442 442
443 443
447 447
448 448
452 452
453 453
462 462
463 463
472 472
473 473
482 482
483 483
487 487
488 488
497 497
498 498
517 517
518 518
522 522
523 523
527 527
528 528
530 530
531 531
532 532
533 533
534 534
537 537
538 538
542 542
543 543
547 547
548 548
552 552
553 553
557 557
558 558
567 567
568 568
572 572
573 573
577 577
578 578
587 587
588 588
592 592
593 593
597 597
598 598
602 602
603 603
607 607
608 608
612 612
613 613
617 617
618 618
622 622
623 623
637 637
638 638
642 642
643 643
657 657
658 658
662 662
663 663
672 672
673 673
677 677
678 678
682 682
683 683
687 687
688 688
692 692
693 693
697 697
698 698
# 13 3 target:1 c+:130 c-:6 score:11.877387856643136 score+:45.037068746758344 score-:11.780382748157553 nb:3 =l_1c_4 l_1c_2 l_1c_18 
47 47
120 120
130 130
133 133
186 186
215 215
430 430
455 455
491 491
646 646
431 431
456 456
561 561
301 301
306 306
310 310
321 321
326 326
331 331
336 336
341 341
346 346
351 351
356 356
357 357
361 361
366 366
371 371
376 376
381 381
386 386
401 401
406 406
411 411
416 416
421 421
426 426
436 436
441 441
446 446
451 451
461 461
465 465
471 471
475 475
481 481
486 486
490 490
496 496
505 505
516 516
521 521
526 526
536 536
541 541
546 546
551 551
556 556
562 562
566 566
571 571
576 576
586 586
591 591
596 596
601 601
606 606
611 611
616 616
621 621
626 626
627 627
630 630
636 636
641 641
656 656
661 661
671 671
676 676
681 681
686 686
691 691
696 696
468 468
653 653
316 316
300 300
305 305
313 313
317 317
318 318
320 320
325 325
330 330
335 335
340 340
345 345
350 350
360 360
365 365
375 375
380 380
400 400
405 405
410 410
420 420
425 425
432 432
433 433
440 440
445 445
457 457
458 458
460 460
467 467
480 480
485 485
492 492
493 493
508 508
525 525
540 540
582 582
585 585
595 595
632 632
635 635
640 640
647 647
648 648
652 652
655 655
665 665
667 667
670 670
680 680
# 14 4 target:1 c+:5 c-:0 score:1.600942846143469 score+:6.403771384573876 score-:0 nb:5 =l_1c_4 l_1c_11 l_1c_18 l_1c_2 l_1c_7 
468 468
653 653
480 480
640 640
680 680
# 15 0 target:0 c+:6 c-:301 score:450.77195824687544 score+:34.06674128362037 score-:3459.933623959873 nb:11 =l_2c_9 l_2c_3 l_2c_6 l_2c_2 l_2c_8 l_2c_18 l_2c_14 l_2c_4 l_2c_7 l_2c_1 l_2c_10 
430 430
455 455
510 510
530 530
111 111
198 198
209 209
32 32
69 69
132 132
138 138
203 203
221 221
236 236
248 248
255 255
262 262
270 270
280 280
282 282
286 286
295 295
298 298
34 34
42 42
58 58
62 62
79 79
106 106
117 117
143 143
149 149
156 156
158 158
160 160
169 169
176 176
178 178
204 204
207 207
212 212
216 216
228 228
230 230
232 232
242 242
258 258
259 259
263 263
264 264
266 266
284 284
290 290
291 291
393 393
63 63
64 64
86 86
148 148
161 161
164 164
166 166
177 177
188 188
202 202
205 205
211 211
223 223
225 225
235 235
239 239
240 240
243 243
244 244
249 249
251 251
256 256
265 265
268 268
269 269
271 271
273 273
274 274
279 279
283 283
288 288
297 297
26 26
28 28
40 40
41 41
48 48
53 53
60 60
61 61
70 70
71 71
76 76
78 78
81 81
87 87
94 94
96 96
97 97
101 101
102 102
108 108
112 112
115 115
119 119
123 123
127 127
130 130
139 139
141 141
142 142
146 146
147 147
150 150
151 151
155 155
157 157
162 162
167 167
168 168
174 174
175 175
180 180
184 184
195 195
196 196
200 200
201 201
210 210
213 213
233 233
241 241
247 247
252 252
254 254
260 260
261 261
272 272
275 275
276 276
277 277
294 294
0 0
7 7
9 9
10 10
12 12
15 15
22 22
24 24
27 27
30 30
36 36
37 37
38 38
39 39
45 45
49 49
51 51
59 59
65 65
72 72
74 74
75 75
84 84
99 99
105 105
120 120
129 129
144 144
153 153
165 165
186 186
189 189
192 192
219 219
234 234
1 1
2 2
3 3
4 4
5 5
6 6
8 8
11 11
13 13
14 14
16 16
17 17
18 18
19 19
20 20
21 21
23 23
25 25
29 29
31 31
33 33
35 35
43 43
44 44
46 46
47 47
50 50
52 52
54 54
55 55
56 56
57 57
66 66
67 67
68 68
73 73
77 77
80 80
82 82
83 83
85 85
88 88
89 89
90 90
91 91
92 92
93 93
95 95
98 98
100 100
103 103
104 104
107 107
109 109
110 110
113 113
114 114
116 116
118 118
121 121
122 122
124 124
125 125
126 126
128 128
131 131
133 133
134 134
135 135
136 136
137 137
140 140
145 145
152 152
154 154
159 159
163 163
170 170
171 171
172 172
173 173
179 179
181 181
182 182
183 183
185 185
187 187
190 190
191 191
193 193
194 194
197 197
199 199
206 206
208 208
214 214
215 215
217 217
218 218
220 220
222 222
224 224
226 226
227 227
229 229
231 231
237 237
238 238
245 245
246 246
250 250
253 253
257 257
267 267
278 278
281 281
285 285
287 287
289 289
292 292
293 293
296 296
299 299
390 390
394 394
# 16 1 target:0 c+:11 c-:152 score:69.90378749162738 score+:23.52890753246004 score-:261.20178500399317 nb:4 =l_2c_9 l_2c_3 l_2c_16 l_2c_11 
430 430
455 455
510 510
530 530
513 513
532 532
533 533
111 111
198 198
209 209
534 534
32 32
69 69
132 132
138 138
203 203
221 221
236 236
248 248
255 255
262 262
270 270
280 280
282 282
286 286
295 295
298 298
63 63
64 64
86 86
148 148
161 161
164 164
166 166
177 177
188 188
202 202
205 205
211 211
223 223
239 239
240 240
244 244
249 249
251 251
256 256
265 265
268 268
269 269
271 271
273 273
274 274
279 279
283 283
288 288
297 297
508 508
531 531
28 28
40 40
41 41
48 48
53 53
60 60
61 61
76 76
96 96
97 97
101 101
108 108
115 115
119 119
123 123
141 141
142 142
146 146
155 155
157 157
167 167
174 174
175 175
180 180
184 184
196 196
201 201
210 210
233 233
241 241
247 247
252 252
254 254
260 260
261 261
272 272
275 275
276 276
277 277
2 2
21 21
35 35
44 44
55 55
77 77
85 85
88 88
89 89
91 91
93 93
98 98
104 104
107 107
110 110
114 114
116 116
118 118
121 121
122 122
126 126
131 131
134 134
136 136
137 137
145 145
152 152
163 163
172 172
179 179
181 181
182 182
185 185
190 190
191 191
193 193
194 194
197 197
199 199
208 208
214 214
217 217
218 218
220 220
222 222
224 224
226 226
227 227
237 237
238 238
245 245
246 246
250 250
253 253
257 257
267 267
278 278
281 281
285 285
287 287
289 289
292 292
293 293
296 296
299 299
431 431
# 17 2 target:0 c+:14 c-:179 score:35.939923411731726 score+:19.828066657973196 score-:120.45985221082204 nb:3 =l_2c_9 l_2c_3 l_2c_0 
430 430
455 455
510 510
530 530
513 513
532 532
533 533
111 111
198 198
209 209
534 534
32 32
69 69
132 132
138 138
203 203
221 221
236 236
248 248
255 255
262 262
270 270
280 280
282 282
286 286
295 295
298 298
34 34
42 42
58 58
62 62
79 79
106 106
117 117
143 143
149 149
156 156
158 158
160 160
169 169
176 176
178 178
204 204
207 207
212 212
216 216
228 228
230 230
232 232
242 242
258 258
259 259
263 263
264 264
266 266
284 284
290 290
291 291
393 393
580 580
63 63
64 64
86 86
148 148
161 161
164 164
166 166
177 177
188 188
202 202
205 205
211 211
223 223
225 225
235 235
239 239
240 240
243 243
244 244
249 249
251 251
256 256
265 265
268 268
269 269
271 271
273 273
274 274
279 279
283 283
288 288
297 297
508 508
531 531
26 26
28 28
40 40
41 41
48 48
53 53
60 60
61 61
70 70
71 71
76 76
78 78
81 81
87 87
94 94
96 96
97 97
101 101
102 102
108 108
112 112
115 115
119 119
123 123
127 127
130 130
139 139
141 141
142 142
146 146
147 147
150 150
151 151
155 155
157 157
162 162
167 167
168 168
174 174
175 175
180 180
184 184
195 195
196 196
200 200
201 201
210 210
213 213
233 233
241 241
247 247
252 252
254 254
260 260
261 261
272 272
275 275
276 276
277 277
294 294
434 434
459 459
0 0
7 7
9 9
10 10
12 12
15 15
22 22
24 24
27 27
30 30
36 36
37 37
38 38
39 39
45 45
49 49
51 51
59 59
65 65
72 72
74 74
75 75
84 84
99 99
105 105
120 120
129 129
144 144
153 153
165 165
186 186
189 189
192 192
219 219
234 234
645 645
431 431
# 18 3 target:0 c+:12 c-:87 score:19.96880797984269 score+:24.728205052840057 score-:92.62215218430521 nb:4 =l_2c_9 l_2c_3 l_2c_15 l_2c_11 
430 430
455 455
510 510
530 530
513 513
532 532
533 533
111 111
198 198
209 209
534 534
32 32
69 69
132 132
138 138
203 203
221 221
236 236
248 248
255 255
262 262
270 270
280 280
282 282
286 286
295 295
298 298
34 34
42 42
58 58
62 62
79 79
106 106
117 117
143 143
149 149
156 156
158 158
160 160
169 169
176 176
178 178
204 204
207 207
212 212
216 216
228 228
230 230
232 232
242 242
258 258
259 259
263 263
264 264
266 266
284 284
290 290
291 291
393 393
580 580
63 63
64 64
86 86
148 148
161 161
164 164
166 166
177 177
188 188
202 202
205 205
211 211
223 223
225 225
235 235
239 239
240 240
243 243
244 244
249 249
251 251
256 256
265 265
268 268
269 269
271 271
273 273
274 274
279 279
283 283
288 288
297 297
508 508
531 531
190 190
238 238
287 287
289 289
431 431
# 19 4 target:0 c+:15 c-:80 score:14.167268352271881 score+:23.713589808125764 score-:63.381941194487034 nb:3 =l_2c_9 l_2c_3 l_2c_5 
430 430
455 455
510 510
530 530
513 513
532 532
533 533
111 111
198 198
209 209
534 534
32 32
69 69
132 132
138 138
203 203
221 221
236 236
248 248
255 255
262 262
270 270
280 280
282 282
286 286
295 295
298 298
34 34
42 42
58 58
62 62
79 79
106 106
117 117
143 143
149 149
156 156
158 158
160 160
169 169
176 176
178 178
204 204
207 207
212 212
216 216
228 228
230 230
232 232
242 242
258 258
259 259
263 263
264 264
266 266
284 284
290 290
291 291
393 393
580 580
508 508
531 531
53 53
70 70
71 71
97 97
102 102
130 130
141 141
142 142
150 150
162 162
168 168
174 174
195 195
200 200
252 252
294 294
434 434
459 459
30 30
74 74
120 120
129 129
153 153
165 165
186 186
189 189
219 219
234 234
645 645
173 173
390 390
394 394
431 431
# 20 5 target:0 c+:11 c-:33 score:12.030764821256751 score+:28.108923239391395 score-:69.01352363166436 nb:4 =l_2c_12 l_2c_1 l_2c_3 l_2c_17 
430 430
455 455
510 510
653 653
117 117
204 204
207 207
212 212
228 228
232 232
290 290
393 393
580 580
71 71
130 130
139 139
147 147
150 150
162 162
200 200
434 434
51 51
72 72
74 74
120 120
129 129
153 153
165 165
186 186
189 189
192 192
219 219
234 234
391 391
392 392
645 645
57 57
90 90
133 133
215 215
390 390
394 394
625 625
649 649
# 21 6 target:0 c+:12 c-:237 score:8.342460070169992 score+:17.95870316336381 score-:41.31759135983979 nb:3 =l_2c_9 l_2c_3 l_2c_11 
430 430
455 455
510 510
530 530
513 513
532 532
533 533
111 111
198 198
209 209
534 534
32 32
69 69
132 132
138 138
203 203
221 221
236 236
248 248
255 255
262 262
270 270
280 280
282 282
286 286
295 295
298 298
34 34
42 42
58 58
62 62
79 79
106 106
117 117
143 143
149 149
156 156
158 158
160 160
169 169
176 176
178 178
204 204
207 207
212 212
216 216
228 228
230 230
232 232
242 242
258 258
259 259
263 263
264 264
266 266
284 284
290 290
291 291
393 393
580 580
63 63
64 64
86 86
148 148
161 161
164 164
166 166
177 177
188 188
202 202
205 205
211 211
223 223
225 225
235 235
239 239
240 240
243 243
244 244
249 249
251 251
256 256
265 265
268 268
269 269
271 271
273 273
274 274
279 279
283 283
288 288
297 297
508 508
531 531
26 26
28 28
40 40
41 41
48 48
53 53
60 60
61 61
70 70
71 71
76 76
78 78
81 81
87 87
94 94
96 96
97 97
101 101
102 102
108 108
112 112
115 115
119 119
123 123
127 127
130 130
139 139
141 141
142 142
146 146
147 147
150 150
151 151
155 155
157 157
162 162
167 167
168 168
174 174
175 175
180 180
184 184
195 195
196 196
200 200
201 201
210 210
213 213
233 233
241 241
247 247
252 252
254 254
260 260
261 261
272 272
275 275
276 276
277 277
294 294
434 434
459 459
2 2
21 21
23 23
35 35
44 44
47 47
55 55
66 66
67 67
73 73
77 77
80 80
85 85
88 88
89 89
90 90
91 91
92 92
93 93
95 95
98 98
100 100
103 103
104 104
107 107
110 110
113 113
114 114
116 116
118 118
121 121
122 122
124 124
125 125
126 126
131 131
133 133
134 134
135 135
136 136
137 137
140 140
145 145
152 152
154 154
159 159
163 163
170 170
172 172
173 173
179 179
181 181
182 182
183 183
185 185
187 187
190 190
191 191
193 193
194 194
197 197
199 199
206 206
208 208
214 214
215 215
217 217
218 218
220 220
222 222
224 224
226 226
227 227
229 229
231 231
237 237
238 238
245 245
246 246
250 250
253 253
257 257
267 267
278 278
281 281
285 285
287 287
289 289
292 292
293 293
296 296
299 299
431 431
# 22 0 target:1 c+:377 c-:1 score:427.6205555163153 score+:1970.8963993810287 score-:3.8418440059786745 nb:6 =l_2c_13 l_2c_17 l_2c_19 l_2c_5 l_2c_15 l_2c_0 
430 430
455 455
510 510
530 530
415 415
470 470
480 480
490 490
492 492
493 493
520 520
590 590
600 600
647 647
648 648
660 660
312 312
315 315
397 397
435 435
477 477
502 502
507 507
512 512
523 523
603 603
632 632
667 667
675 675
678 678
303 303
308 308
316 316
319 319
323 323
328 328
333 333
338 338
343 343
348 348
353 353
363 363
368 368
373 373
378 378
383 383
388 388
403 403
408 408
413 413
418 418
423 423
428 428
432 432
433 433
438 438
443 443
448 448
453 453
457 457
458 458
463 463
473 473
483 483
488 488
513 513
518 518
528 528
532 532
533 533
538 538
543 543
548 548
553 553
558 558
568 568
573 573
578 578
583 583
588 588
593 593
598 598
613 613
618 618
623 623
638 638
643 643
658 658
663 663
673 673
683 683
688 688
693 693
698 698
300 300
305 305
307 307
310 310
320 320
322 322
325 325
327 327
332 332
335 335
345 345
360 360
370 370
380 380
400 400
405 405
425 425
445 445
456 456
475 475
505 505
511 511
525 525
534 534
535 535
565 565
581 581
605 605
630 630
635 635
655 655
670 670
685 685
695 695
580 580
646 646
301 301
302 302
306 306
311 311
313 313
321 321
326 326
330 330
331 331
336 336
337 337
340 340
341 341
342 342
346 346
347 347
350 350
351 351
352 352
361 361
362 362
365 365
366 366
367 367
372 372
375 375
376 376
377 377
381 381
382 382
385 385
386 386
387 387
398 398
401 401
402 402
406 406
407 407
410 410
411 411
412 412
416 416
417 417
420 420
421 421
422 422
426 426
427 427
436 436
437 437
440 440
441 441
442 442
446 446
447 447
450 450
452 452
460 460
461 461
462 462
466 466
471 471
472 472
476 476
478 478
481 481
482 482
485 485
486 486
487 487
495 495
497 497
501 501
503 503
506 506
508 508
515 515
517 517
521 521
522 522
526 526
527 527
531 531
536 536
537 537
540 540
541 541
542 542
545 545
547 547
550 550
552 552
555 555
556 556
557 557
566 566
567 567
570 570
571 571
572 572
577 577
585 585
586 586
587 587
591 591
592 592
595 595
596 596
597 597
601 601
602 602
607 607
612 612
615 615
616 616
617 617
620 620
622 622
631 631
633 633
636 636
637 637
640 640
641 641
642 642
656 656
657 657
661 661
662 662
665 665
666 666
668 668
671 671
672 672
676 676
677 677
680 680
681 681
682 682
686 686
687 687
690 690
692 692
696 696
697 697
165 165
219 219
304 304
309 309
314 314
324 324
329 329
334 334
339 339
344 344
349 349
354 354
357 357
358 358
364 364
369 369
379 379
384 384
389 389
391 391
404 404
409 409
414 414
419 419
424 424
429 429
439 439
444 444
449 449
464 464
465 465
469 469
474 474
479 479
484 484
489 489
491 491
509 509
524 524
529 529
539 539
544 544
559 559
569 569
589 589
594 594
599 599
604 604
619 619
634 634
639 639
644 644
645 645
650 650
651 651
659 659
664 664
669 669
674 674
679 679
684 684
689 689
699 699
356 356
359 359
371 371
374 374
395 395
396 396
431 431
451 451
454 454
496 496
499 499
500 500
516 516
519 519
546 546
549 549
551 551
554 554
561 561
562 562
563 563
574 574
575 575
576 576
579 579
606 606
609 609
610 610
611 611
614 614
621 621
624 624
626 626
628 628
629 629
691 691
694 694
498 498
582 582
608 608
# 23 1 target:1 c+:277 c-:12 score:168.44732595032397 score+:710.0224224151593 score-:36.23311861386346 nb:5 =l_2c_19 l_2c_16 l_2c_11 l_2c_2 l_2c_3 
430 430
455 455
510 510
530 530
415 415
470 470
480 480
490 490
492 492
493 493
520 520
590 590
600 600
647 647
648 648
660 660
312 312
315 315
397 397
435 435
477 477
502 502
507 507
512 512
523 523
603 603
632 632
667 667
675 675
678 678
303 303
308 308
316 316
319 319
323 323
328 328
333 333
338 338
343 343
348 348
353 353
363 363
368 368
373 373
378 378
383 383
388 388
403 403
408 408
413 413
418 418
423 423
428 428
432 432
433 433
438 438
443 443
448 448
453 453
457 457
458 458
463 463
473 473
483 483
488 488
513 513
518 518
528 528
532 532
533 533
538 538
543 543
548 548
553 553
558 558
568 568
573 573
578 578
583 583
588 588
593 593
598 598
613 613
618 618
623 623
638 638
643 643
658 658
663 663
673 673
683 683
688 688
693 693
698 698
111 111
198 198
209 209
317 317
467 467
468 468
652 652
653 653
300 300
305 305
307 307
310 310
320 320
322 322
325 325
327 327
332 332
335 335
345 345
360 360
370 370
380 380
400 400
405 405
425 425
445 445
456 456
475 475
505 505
511 511
525 525
534 534
535 535
565 565
581 581
605 605
630 630
635 635
655 655
670 670
685 685
695 695
63 63
86 86
177 177
301 301
302 302
306 306
311 311
313 313
321 321
326 326
330 330
331 331
336 336
337 337
340 340
341 341
342 342
346 346
347 347
350 350
351 351
352 352
361 361
362 362
365 365
366 366
367 367
372 372
375 375
376 376
377 377
381 381
382 382
385 385
386 386
387 387
398 398
401 401
402 402
406 406
407 407
410 410
411 411
412 412
416 416
417 417
420 420
421 421
422 422
426 426
427 427
436 436
437 437
440 440
441 441
442 442
446 446
447 447
450 450
452 452
460 460
461 461
462 462
466 466
471 471
472 472
476 476
478 478
481 481
482 482
485 485
486 486
487 487
495 495
497 497
501 501
503 503
506 506
508 508
515 515
517 517
521 521
522 522
526 526
527 527
531 531
536 536
537 537
540 540
541 541
542 542
545 545
547 547
550 550
552 552
555 555
556 556
557 557
566 566
567 567
571 571
572 572
577 577
585 585
586 586
587 587
591 591
592 592
595 595
596 596
597 597
601 601
602 602
607 607
612 612
615 615
616 616
617 617
620 620
622 622
631 631
633 633
636 636
637 637
640 640
641 641
642 642
656 656
657 657
661 661
662 662
665 665
666 666
668 668
671 671
672 672
676 676
677 677
680 680
681 681
682 682
686 686
687 687
690 690
692 692
696 696
697 697
40 40
96 96
123 123
201 201
254 254
93 93
# 24 2 target:1 c+:254 c-:38 score:156.34900472213556 score+:294.8489801833579 score-:44.69057262794101 nb:1 =l_2c_12 
430 430
455 455
510 510
415 415
470 470
480 480
490 490
492 492
493 493
520 520
590 590
600 600
647 647
648 648
660 660
435 435
675 675
432 432
433 433
457 457
458 458
467 467
468 468
652 652
653 653
300 300
305 305
310 310
320 320
325 325
335 335
345 345
360 360
370 370
380 380
400 400
405 405
425 425
445 445
456 456
475 475
505 505
511 511
525 525
535 535
565 565
581 581
605 605
630 630
635 635
655 655
670 670
685 685
695 695
117 117
204 204
207 207
212 212
228 228
232 232
290 290
393 393
580 580
646 646
301 301
306 306
311 311
321 321
326 326
330 330
331 331
336 336
340 340
341 341
346 346
350 350
351 351
361 361
365 365
366 366
375 375
376 376
381 381
385 385
386 386
398 398
401 401
406 406
410 410
411 411
416 416
420 420
421 421
426 426
436 436
440 440
441 441
446 446
450 450
460 460
461 461
466 466
471 471
476 476
481 481
485 485
486 486
495 495
501 501
506 506
515 515
521 521
526 526
536 536
540 540
541 541
545 545
550 550
555 555
556 556
566 566
570 570
571 571
585 585
586 586
591 591
595 595
596 596
601 601
615 615
616 616
620 620
631 631
633 633
636 636
640 640
641 641
656 656
661 661
665 665
666 666
668 668
671 671
676 676
680 680
681 681
686 686
690 690
696 696
71 71
130 130
139 139
147 147
150 150
151 151
162 162
168 168
200 200
434 434
459 459
51 51
72 72
74 74
120 120
129 129
153 153
165 165
186 186
189 189
192 192
219 219
234 234
304 304
309 309
314 314
324 324
329 329
334 334
339 339
344 344
349 349
354 354
357 357
358 358
364 364
369 369
379 379
384 384
389 389
391 391
392 392
404 404
409 409
414 414
419 419
424 424
429 429
439 439
444 444
449 449
464 464
465 465
469 469
474 474
479 479
484 484
489 489
491 491
509 509
524 524
529 529
539 539
544 544
559 559
569 569
589 589
594 594
599 599
604 604
619 619
634 634
639 639
644 644
645 645
650 650
651 651
654 654
659 659
664 664
669 669
674 674
679 679
684 684
689 689
699 699
57 57
90 90
125 125
133 133
171 171
215 215
390 390
394 394
514 514
584 584
355 355
356 356
359 359
371 371
374 374
395 395
396 396
399 399
431 431
451 451
454 454
494 494
496 496
499 499
500 500
504 504
516 516
519 519
546 546
549 549
551 551
554 554
560 560
561 561
562 562
563 563
564 564
574 574
575 575
576 576
579 579
606 606
609 609
610 610
611 611
614 614
621 621
624 624
625 625
626 626
627 627
628 628
629 629
649 649
691 691
694 694
582 582
# 25 3 target:1 c+:163 c-:4 score:41.40905916884087 score+:153.49378899016574 score-:12.702987816106768 nb:4 =l_2c_13 l_2c_17 l_2c_19 l_2c_8 
430 430
455 455
510 510
530 530
415 415
470 470
480 480
490 490
492 492
493 493
520 520
590 590
600 600
647 647
648 648
660 660
312 312
315 315
397 397
435 435
477 477
502 502
507 507
512 512
523 523
603 603
632 632
667 667
675 675
678 678
303 303
308 308
316 316
319 319
323 323
328 328
333 333
338 338
343 343
348 348
353 353
363 363
368 368
373 373
378 378
383 383
388 388
403 403
408 408
413 413
418 418
423 423
428 428
432 432
433 433
438 438
443 443
448 448
453 453
457 457
458 458
463 463
473 473
483 483
488 488
513 513
518 518
528 528
532 532
533 533
538 538
543 543
548 548
553 553
558 558
568 568
573 573
578 578
583 583
588 588
593 593
598 598
613 613
618 618
623 623
638 638
643 643
658 658
663 663
673 673
683 683
688 688
693 693
698 698
300 300
305 305
307 307
310 310
320 320
322 322
325 325
327 327
332 332
335 335
345 345
360 360
370 370
380 380
400 400
405 405
425 425
445 445
456 456
475 475
505 505
511 511
525 525
534 534
535 535
565 565
581 581
605 605
630 630
635 635
655 655
670 670
685 685
695 695
580 580
646 646
434 434
459 459
165 165
219 219
314 314
329 329
357 357
358 358
389 389
391 391
439 439
465 465
469 469
479 479
491 491
524 524
559 559
645 645
650 650
651 651
654 654
669 669
679 679
390 390
394 394
514 514
584 584
355 355
399 399
431 431
494 494
500 500
504 504
649 649
498 498
582 582
608 608
# 26 4 target:1 c+:387 c-:4 score:21.16891396635163 score+:82.79544527529046 score-:10.821137789694907 nb:4 =l_2c_13 l_2c_17 l_2c_19 l_2c_3 
430 430
455 455
510 510
530 530
415 415
470 470
480 480
490 490
492 492
493 493
520 520
590 590
600 600
647 647
648 648
660 660
312 312
315 315
397 397
435 435
477 477
502 502
507 507
512 512
523 523
603 603
632 632
667 667
675 675
678 678
303 303
308 308
316 316
319 319
323 323
328 328
333 333
338 338
343 343
348 348
353 353
363 363
368 368
373 373
378 378
383 383
388 388
403 403
408 408
413 413
418 418
423 423
428 428
432 432
433 433
438 438
443 443
448 448
453 453
457 457
458 458
463 463
473 473
483 483
488 488
513 513
518 518
528 528
532 532
533 533
538 538
543 543
548 548
553 553
558 558
568 568
573 573
578 578
583 583
588 588
593 593
598 598
613 613
618 618
623 623
638 638
643 643
658 658
663 663
673 673
683 683
688 688
693 693
698 698
300 300
305 305
307 307
310 310
320 320
322 322
325 325
327 327
332 332
335 335
345 345
360 360
370 370
380 380
400 400
405 405
425 425
445 445
456 456
475 475
505 505
511 511
525 525
534 534
535 535
565 565
581 581
605 605
630 630
635 635
655 655
670 670
685 685
695 695
580 580
646 646
301 301
302 302
306 306
311 311
313 313
321 321
326 326
330 330
331 331
336 336
337 337
340 340
341 341
342 342
346 346
347 347
350 350
351 351
352 352
361 361
362 362
365 365
366 366
367 367
372 372
375 375
376 376
377 377
381 381
382 382
385 385
386 386
387 387
398 398
401 401
402 402
406 406
407 407
410 410
411 411
412 412
416 416
417 417
420 420
421 421
422 422
426 426
427 427
436 436
437 437
440 440
441 441
442 442
446 446
447 447
450 450
452 452
460 460
461 461
462 462
466 466
471 471
472 472
476 476
478 478
481 481
482 482
485 485
486 486
487 487
495 495
497 497
501 501
503 503
506 506
508 508
515 515
517 517
521 521
522 522
526 526
527 527
531 531
536 536
537 537
540 540
541 541
542 542
545 545
547 547
550 550
552 552
555 555
556 556
557 557
566 566
567 567
570 570
571 571
572 572
577 577
585 585
586 586
587 587
591 591
592 592
595 595
596 596
597 597
601 601
602 602
607 607
612 612
615 615
616 616
617 617
620 620
622 622
631 631
633 633
636 636
637 637
640 640
641 641
642 642
656 656
657 657
661 661
662 662
665 665
666 666
668 668
671 671
672 672
676 676
677 677
680 680
681 681
682 682
686 686
687 687
690 690
692 692
696 696
697 697
434 434
459 459
165 165
219 219
304 304
309 309
314 314
324 324
329 329
334 334
339 339
344 344
349 349
354 354
357 357
358 358
364 364
369 369
379 379
384 384
389 389
391 391
404 404
409 409
414 414
419 419
424 424
429 429
439 439
444 444
449 449
464 464
465 465
469 469
474 474
479 479
484 484
489 489
491 491
509 509
524 524
529 529
539 539
544 544
559 559
569 569
589 589
594 594
599 599
604 604
619 619
634 634
639 639
644 644
645 645
650 650
651 651
654 654
659 659
664 664
669 669
674 674
679 679
684 684
689 689
699 699
390 390
394 394
514 514
584 584
355 355
356 356
359 359
371 371
374 374
395 395
396 396
399 399
431 431
451 451
454 454
494 494
496 496
499 499
500 500
504 504
516 516
519 519
546 546
549 549
551 551
554 554
560 560
561 561
562 562
563 563
564 564
574 574
575 575
576 576
579 579
606 606
609 609
610 610
611 611
614 614
621 621
624 624
625 625
626 626
627 627
628 628
629 629
649 649
691 691
694 694
# 27 5 target:1 c+:111 c-:10 score:18.258280366708263 score+:104.63242036315549 score-:31.59929889632243 nb:5 =l_2c_18 l_2c_2 l_2c_19 l_2c_15 l_2c_0 
430 430
455 455
510 510
530 530
415 415
470 470
480 480
490 490
492 492
493 493
520 520
590 590
600 600
647 647
648 648
660 660
312 312
315 315
397 397
435 435
477 477
502 502
507 507
512 512
523 523
603 603
632 632
667 667
675 675
678 678
303 303
308 308
316 316
319 319
323 323
328 328
333 333
338 338
343 343
348 348
353 353
363 363
368 368
373 373
378 378
383 383
388 388
403 403
408 408
413 413
418 418
423 423
428 428
432 432
433 433
438 438
443 443
448 448
453 453
457 457
458 458
463 463
473 473
483 483
488 488
513 513
518 518
528 528
532 532
533 533
538 538
543 543
548 548
553 553
558 558
568 568
573 573
578 578
583 583
588 588
593 593
598 598
613 613
618 618
623 623
638 638
643 643
658 658
663 663
673 673
683 683
688 688
693 693
698 698
111 111
198 198
209 209
317 317
467 467
468 468
652 652
653 653
228 228
580 580
63 63
86 86
177 177
668 668
153 153
165 165
219 219
357 357
391 391
392 392
465 465
645 645
650 650
318 318
498 498
582 582
608 608
# 28 6 target:1 c+:84 c-:2 score:16.036485898061695 score+:71.13607838258122 score-:6.990134790334432 nb:5 =l_2c_10 l_2c_13 l_2c_3 l_2c_17 l_2c_19 
430 430
455 455
510 510
530 530
415 415
470 470
480 480
490 490
492 492
493 493
520 520
590 590
600 600
647 647
648 648
660 660
312 312
315 315
397 397
435 435
477 477
502 502
507 507
512 512
523 523
603 603
632 632
667 667
675 675
678 678
300 300
305 305
310 310
320 320
325 325
335 335
345 345
360 360
370 370
380 380
400 400
405 405
425 425
475 475
505 505
525 525
565 565
605 605
630 630
635 635
670 670
685 685
695 695
580 580
311 311
330 330
340 340
365 365
375 375
420 420
440 440
460 460
485 485
540 540
545 545
585 585
595 595
615 615
640 640
666 666
668 668
680 680
690 690
165 165
219 219
314 314
357 357
391 391
465 465
645 645
650 650
651 651
390 390
394 394
514 514
355 355
# 29 7 target:1 c+:344 c-:4 score:8.788069448749699 score+:41.054360197953116 score-:11.174924072204131 nb:4 =l_2c_13 l_2c_17 l_2c_19 l_2c_2 
430 430
455 455
510 510
530 530
415 415
470 470
480 480
490 490
492 492
493 493
520 520
590 590
600 600
647 647
648 648
660 660
312 312
315 315
397 397
435 435
477 477
502 502
507 507
512 512
523 523
603 603
632 632
667 667
675 675
678 678
303 303
308 308
316 316
319 319
323 323
328 328
333 333
338 338
343 343
348 348
353 353
363 363
368 368
373 373
378 378
383 383
388 388
403 403
408 408
413 413
418 418
423 423
428 428
432 432
433 433
438 438
443 443
448 448
453 453
457 457
458 458
463 463
473 473
483 483
488 488
513 513
518 518
528 528
532 532
533 533
538 538
543 543
548 548
553 553
558 558
568 568
573 573
578 578
583 583
588 588
593 593
598 598
613 613
618 618
623 623
638 638
643 643
658 658
663 663
673 673
683 683
688 688
693 693
698 698
300 300
305 305
307 307
310 310
320 320
322 322
325 325
327 327
332 332
335 335
345 345
360 360
370 370
380 380
400 400
405 405
425 425
445 445
456 456
475 475
505 505
511 511
525 525
534 534
535 535
565 565
581 581
605 605
630 630
635 635
655 655
670 670
685 685
695 695
580 580
646 646
301 301
302 302
306 306
311 311
313 313
321 321
326 326
330 330
331 331
336 336
337 337
340 340
341 341
342 342
346 346
347 347
350 350
351 351
352 352
361 361
362 362
365 365
366 366
367 367
372 372
375 375
376 376
377 377
381 381
382 382
385 385
386 386
387 387
398 398
401 401
402 402
406 406
407 407
410 410
411 411
412 412
416 416
417 417
420 420
421 421
422 422
426 426
427 427
436 436
437 437
440 440
441 441
442 442
446 446
447 447
450 450
452 452
460 460
461 461
462 462
466 466
471 471
472 472
476 476
478 478
481 481
482 482
485 485
486 486
487 487
495 495
497 497
501 501
503 503
506 506
508 508
515 515
517 517
521 521
522 522
526 526
527 527
531 531
536 536
537 537
540 540
541 541
542 542
545 545
547 547
550 550
552 552
555 555
556 556
557 557
566 566
567 567
570 570
571 571
572 572
577 577
585 585
586 586
587 587
591 591
592 592
595 595
596 596
597 597
601 601
602 602
607 607
612 612
615 615
616 616
617 617
620 620
622 622
631 631
633 633
636 636
637 637
640 640
641 641
642 642
656 656
657 657
661 661
662 662
665 665
666 666
668 668
671 671
672 672
676 676
677 677
680 680
681 681
682 682
686 686
687 687
690 690
692 692
696 696
697 697
434 434
459 459
165 165
219 219
304 304
309 309
314 314
324 324
329 329
334 334
339 339
344 344
349 349
354 354
357 357
358 358
364 364
369 369
379 379
384 384
389 389
391 391
404 404
409 409
414 414
419 419
424 424
429 429
439 439
444 444
449 449
464 464
465 465
469 469
474 474
479 479
484 484
489 489
491 491
509 509
524 524
529 529
539 539
544 544
559 559
569 569
589 589
594 594
599 599
604 604
619 619
634 634
639 639
644 644
645 645
650 650
651 651
654 654
659 659
664 664
669 669
674 674
679 679
684 684
689 689
699 699
390 390
394 394
514 514
584 584
498 498
582 582
608 608
